0 0.3859002242744063 0.1575917641025641 0.38658459234828496 0.16826377435897436 0.38658459234828496 0.1815650871794872 0.38829551319261213 0.18696300000000002 0.3906908021108179 0.18707133846153845 0.39137517018469653 0.1791215076923077 0.3920595382585752 0.16851141025641025 0.3941126437994723 0.16062348717948718 0.39650793271767815 0.15807156923076923 0.3982188535620053 0.15016816923076923 0.39650793271767815 0.14344012307692308 0.392743907651715 0.14193973846153846 0.3831627506596306 0.14017624102564102 0.3831627506596306 0.1508172923076923 0.3859002242744063 0.1575917641025641
3 0.36207067678100263 0.5870009025641025 0.36412738126649075 0.5860945794871795 0.3646415567282322 0.5711276256410257 0.36412738126649075 0.5621102461538462 0.36412738126649075 0.553116117948718 0.36387029287598943 0.5431110153846154 0.36258485224274406 0.5320600512820512 0.3610423245382586 0.5309909333333334 0.3592427084432718 0.5339075794871795 0.35770017941952503 0.5418325846153846 0.3564147401055409 0.5567646564102564 0.35692891556728235 0.5707787743589744 0.3579572678100264 0.580818758974359 0.35898562005277046 0.5918580974358975 0.36207067678100263 0.5870009025641025
3 0.34613121767810023 0.5762864615384615 0.34844501055408966 0.5723937282051282 0.34870209894459103 0.5604131897435898 0.34844501055408966 0.5504080871794872 0.3456170422163588 0.5462827846153846 0.34278907387862795 0.5471542205128205 0.34124654617414246 0.5530805333333333 0.34073236939313983 0.5650494461538461 0.34098945778364115 0.5750545435897436 0.34613121767810023 0.5762864615384615
3 0.4224611926121372 0.5868393435897435 0.4272687401055409 0.5848582307692307 0.43066230211081796 0.5784160307692308 0.4312278957783641 0.5718459230769231 0.43066230211081796 0.5586289538461539 0.4292483179419525 0.5475721794871795 0.4255719591029024 0.5386116358974359 0.42217839577836414 0.5373588564102564 0.41878483377308706 0.5449003384615385 0.4170880527704485 0.5580149743589744 0.41680525593667545 0.5711935692307692 0.41821924010554085 0.5822503435897436 0.4224611926121372 0.5868393435897435
3 0.49291404089709767 0.5648133846153847 0.49440132717678104 0.5615770307692307 0.4946137955145119 0.5549793846153847 0.4946137955145119 0.5483721282051282 0.4946137955145119 0.5425907794871795 0.4946137955145119 0.5326798974358974 0.4937639182058048 0.5260342 0.4916392242744063 0.5251121897435898 0.4895145290237467 0.5283197179487179 0.48823971240105546 0.5381729384615385 0.48823971240105546 0.5497356358974359 0.4890895910290238 0.562162676923077 0.49291404089709767 0.5648133846153847
3 0.7327265883905013 0.48957508717948717 0.7351218773087072 0.48303277435897435 0.7351218773087072 0.476382117948718 0.7351218773087072 0.4617506717948718 0.73341095646438 0.4550226307692307 0.7286203786279684 0.4561360769230769 0.7269094577836412 0.46536961025641027 0.7269094577836412 0.4760106564102564 0.7279360092348285 0.49334880000000003 0.7327265883905013 0.48957508717948717
3 0.5334360791556728 0.5598628 0.5353025382585752 0.5514827487179487 0.5356136147757256 0.5430323487179487 0.5334360791556728 0.5356785948717948 0.5306363905013193 0.5343427487179487 0.5278367018469656 0.5354253282051282 0.5278367018469656 0.5523542717948718 0.5293920844327177 0.5608890974358974 0.5334360791556728 0.5598628
3 0.5835193984168865 0.5451991948717949 0.5863190870712401 0.5380705692307692 0.5860080105540897 0.5271736051282051 0.5856969340369393 0.5150674307692308 0.5835193984168865 0.5040860461538461 0.5800975567282323 0.5039312717948718 0.579164327176781 0.5135627435897435 0.579164327176781 0.5353285282051282 0.5804086332453826 0.5474769128205128 0.5835193984168865 0.5451991948717949
3 0.26149373087071237 0.6138385743589744 0.26056050131926123 0.604122676923077 0.2568275831134565 0.5979077846153846 0.25216143535620056 0.6025335692307692 0.25122820580474936 0.6145834564102564 0.25216143535620056 0.6303454051282051 0.2534057414248021 0.6388661589743589 0.26087157783641163 0.6331577948717949 0.26149373087071237 0.6138385743589744
3 0.27829186279683377 0.6194352153846154 0.28109155145118736 0.6171434307692307 0.2832690870712401 0.6160327128205129 0.2863798522427441 0.6016628923076923 0.28575769920844324 0.5919610717948718 0.2842023166226913 0.5797986153846154 0.28015832189973616 0.5675236 0.27735863324538257 0.5698153846153846 0.27487002110817943 0.5830041333333333 0.27487002110817943 0.5987238666666667 0.27518109762532983 0.6192945128205128 0.27829186279683377 0.6194352153846154
3 0.5600911319261214 0.5502776256410257 0.5631761886543535 0.5474191282051282 0.5639474525065963 0.5374605384615385 0.5616336609498681 0.5173689333333333 0.5590627796833774 0.5092578717948718 0.5559777242744063 0.5091183282051283 0.5531497559366755 0.5169851948717948 0.5521214036939314 0.5369256307692307 0.5542150224274406 0.5495813538461538 0.5600911319261214 0.5502776256410257
3 0.6331520197889182 0.5292843487179487 0.6375070910290237 0.5270629128205129 0.6421732387862796 0.5224371282051282 0.6462172335092349 0.5165739897435897 0.6462172335092349 0.5020634666666667 0.6449392981530343 0.48465186153846157 0.641551085751979 0.4764589948717949 0.6365738614775726 0.48107070769230775 0.6331520197889182 0.4821251435897436 0.6312855606860158 0.4723670410256411 0.6275526424802111 0.4770350358974359 0.6266194129287599 0.49392176923076925 0.6278637189973615 0.5133254153846154 0.6281747955145118 0.5254315897435897 0.6331520197889182 0.5292843487179487
3 0.65734004353562 0.5195062205128205 0.660739555408971 0.516356358974359 0.6628642493403694 0.5131488307692308 0.6632891886543536 0.5049089846153846 0.6632891886543536 0.49582401025641026 0.6620143720316622 0.4866813692307692 0.6609520237467019 0.47837425128205124 0.6590397994722955 0.47250641025641027 0.6552153496042217 0.47811477435897437 0.6552153496042217 0.48967747179487175 0.6552153496042217 0.49958835384615385 0.6545779406332454 0.5135999384615385 0.65734004353562 0.5195062205128205
3 0.6106606820580475 0.534178441025641 0.6137457387862797 0.5293212461538461 0.6137457387862797 0.5183284256410257 0.6132315620052771 0.49931756923076925 0.6109177704485488 0.4872207487179487 0.6075756253298153 0.48307218974358973 0.6039763931398416 0.4899048205128205 0.6037193047493404 0.5068820974358974 0.6055189208443271 0.5189556666666667 0.6075756253298153 0.5330395538461539 0.6106606820580475 0.534178441025641
3 0.8499282480211082 0.4510679230769231 0.8530079063324537 0.448546958974359 0.854718827176781 0.440643558974359 0.8536922744063324 0.42995607179487183 0.8516391688654354 0.4112413692307692 0.8489016952506596 0.4018066307692308 0.8447954854881266 0.40827155897435896 0.8430845646437994 0.4294762717948718 0.844111117414248 0.45080480512820514 0.8499282480211082 0.4510679230769231