0 0.38550686543535617 0 0.38556404749340367 0.003178717948717949 0.3884211596306069 0.008898405128205129 0.3892969511873351 0.01930671282051282 0.3895362295514512 0.03260802564102564 0.3913428614775725 0.03734669230769231 0.3937381503957783 0.036532092307692304 0.39427895250659634 0.028318564102564104 0.39477189709762533 0.017444769230769232 0.39668143535620054 0.008765753846153846 0.39902886939313986 0.005290887179487179 0.39999734300791556 0 0.38550686543535617 0
3 0.37233568073878626 0.4474894307692308 0.37437440765171504 0.4457906307692308 0.3746189234828496 0.430625558974359 0.3739429511873351 0.4218062974358974 0.373781154353562 0.41281216923076924 0.37334429287598947 0.40290612820512817 0.3718611029023747 0.3923504666666667 0.37030059630606865 0.3918757076923077 0.36855491292875986 0.3954857692307692 0.3671562031662269 0.40400513846153846 0.36614042348284964 0.41943250769230767 0.3669062823218997 0.43324850769230766 0.3681144076517151 0.4428922512820513 0.3693405105540897 0.4535353487179487 0.37233568073878626 0.4474894307692308
3 0.3562164485488127 0.4429167179487179 0.3584583311345646 0.43813244102564103 0.358499691292876 0.426052841025641 0.35806282981530346 0.4161468 0.35516295250659635 0.41311115897435896 0.35235296042216363 0.4150722512820513 0.35091829683377307 0.4215929282051282 0.3506198496042216 0.433759958974359 0.35105671108179415 0.443666 0.3562164485488127 0.4429167179487179
3 0.43267415303430085 0.4240584666666667 0.43744214907651713 0.42022493333333333 0.44071706068601585 0.4124751435897436 0.4411640039577836 0.40568710256410256 0.44036110949868074 0.39268806666666667 0.43874937335092346 0.382176117948718 0.43491481398416887 0.3746321333333333 0.4315014775725594 0.3746869487179488 0.42824634036939313 0.3835360205128205 0.42678686015831135 0.3973044512820513 0.4267413641160949 0.41059201538461537 0.4283531002638522 0.421103958974359 0.43267415303430085 0.4240584666666667
3 0.5026734472295514 0.3748859333333333 0.5041013047493403 0.3710765025641025 0.5041949155672824 0.36439698974358975 0.5040760567282322 0.3577897333333333 0.5039720554089709 0.3520083846153846 0.5037937678100264 0.34209750256410254 0.5028250316622691 0.3357792769230769 0.5006854802110817 0.33567594871794876 0.4986202150395778 0.3397021487179487 0.49752368601583113 0.3500465743589744 0.4977316886543536 0.3616092717948718 0.498804426121372 0.3737088461538462 0.5026734472295514 0.3748859333333333
3 0.7409373984168866 0.2072441282051282 0.7432130488126649 0.19977887179487178 0.7430934089709763 0.1931282153846154 0.7428302031662269 0.17849676923076924 0.7409996424802111 0.17242796923076925 0.7362329920844327 0.17538730256410257 0.7346895659630607 0.18528007692307694 0.7348809881266491 0.1959211282051282 0.7362186029023747 0.21286372307692308 0.7409373984168866 0.2072441282051282
3 0.5430734577836411 0.3543215743589744 0.5447876490765171 0.3452223487179487 0.5449464564643799 0.3366520871794872 0.5426384063324539 0.3301373692307692 0.5398169643799472 0.3298802871794872 0.5370390290237467 0.3320416307692308 0.5373435646437995 0.34897057435897433 0.5390512150395779 0.3569060820512821 0.5430734577836411 0.3543215743589744
3 0.5928522414248021 0.32036008717948716 0.5955214142480211 0.31215269743589746 0.5950145646437995 0.3013755948717949 0.594485963060686 0.2893892871794872 0.5921126530343008 0.2792469384615385 0.5886908113456465 0.2804106512820513 0.5879316029023747 0.29040171282051286 0.5883231490765172 0.31216749743589745 0.589784981530343 0.32383643076923074 0.5928522414248021 0.32036008717948716
3 0.2723233562005277 0.5130809692307692 0.2712161055408971 0.5037246615384615 0.2673744248021108 0.49894811794871796 0.2627952875989446 0.505371841025641 0.26207958443271767 0.517781317948718 0.2632955976253298 0.5331836769230769 0.2646921715039578 0.5412249794871795 0.27204924538258574 0.5326399179487179 0.2723233562005277 0.5130809692307692
3 0.2892084986807388 0.5122050307692307 0.2919646820580475 0.508834482051282 0.2941204656992084 0.5068847230769231 0.29697020052770445 0.49131627692307694 0.2961740263852243 0.48185417948717946 0.294401117414248 0.47029104102564107 0.2901395963060686 0.45957423589743585 0.2873834129287599 0.4629447846153846 0.2851340791556728 0.4770924358974359 0.28541686279683376 0.4928121692307692 0.2860977335092348 0.5132629538461538 0.2892084986807388 0.5122050307692307
3 0.5695343944591029 0.3344657948717949 0.572565518469657 0.33041857435897437 0.5731570092348285 0.3201628051282051 0.5704836701846966 0.3009627435897436 0.5677689709762533 0.29384228205128204 0.5646839142480211 0.2948914564102564 0.561999765171504 0.30384798461538465 0.5613309591029024 0.3241846564102564 0.5636505408970977 0.33603368205128203 0.5695343944591029 0.3344657948717949
3 0.6421581846965699 0.28532101538461535 0.6464697506596306 0.2814215076923077 0.6510488878627968 0.2749977846153846 0.6549841200527704 0.26757643076923077 0.6547230883905013 0.2530659076923077 0.6531329736147757 0.2361467128205128 0.649600135883905 0.22925937435897437 0.6447099221635884 0.23578889230769232 0.6413098337730871 0.23816181538461537 0.6392693535620053 0.2291228871794872 0.6356234459102902 0.23522923589743588 0.6349947519788919 0.2524755538461539 0.6365870989445911 0.2713997487179487 0.6371157018469656 0.2833860615384615 0.6421581846965699 0.28532101538461535
3 0.6661506266490765 0.2662228717948718 0.669490709762533 0.26176312307692307 0.671555974934037 0.25773691794871795 0.6718323403693932 0.24933333333333332 0.6716689102902375 0.24024835897435898 0.6702306622691293 0.2315969282051282 0.6690197427440633 0.22369914871794871 0.6670035158311346 0.21856811794871797 0.6632830672823219 0.22565009743589745 0.6634910699208443 0.2372127948717949 0.663669357519789 0.24712367692307693 0.6632845237467019 0.26138086666666666 0.6661506266490765 0.2662228717948718
3 0.6197731873350923 0.2988813743589744 0.622768357519789 0.29283546153846157 0.6225706055408972 0.281842641025641 0.6217148601583113 0.2630299025641025 0.6191853403693931 0.2518246205128205 0.6157712862796834 0.24896384102564104 0.6122978944591029 0.2571833128205128 0.6123464221635884 0.27425965128205126 0.6143617664907651 0.2856398 0.6166701530343007 0.2989312102564103 0.6197731873350923 0.2988813743589744
3 0.8573509854881266 0.12357733846153847 0.8603827875989446 0.11986973333333333 0.8619501411609498 0.11130708717948719 0.860732166226913 0.10101514871794871 0.8583440712401056 0.08309154358974359 0.8554391029023746 0.07471159487179488 0.8514525316622692 0.0827587076923077 0.8501244564643798 0.10462266666666667 0.8515338548812665 0.1255556512820513 0.8573509854881266 0.12357733846153847