3 0.37578526693227093 0.6983428040816326 0.3843096653386454 0.7130592163265307 0.3987809980079681 0.733964975510204 0.41392000597609563 0.7549504163265306 0.441682719123506 0.7829220122448979 0.4689642410358566 0.7943972408163265 0.47641747211155383 0.7856973265306123 0.4766194960159363 0.7679125877551021 0.47416635258964146 0.7484410693877551 0.46935330876494025 0.7012896979591837 0.46422945617529876 0.6814994612244898 0.45766146613545816 0.6711262612244898 0.452366671314741 0.6663846448979592 0.4463575756972112 0.6656675265306123 0.44314351394422313 0.654324669387755 0.43654444422310756 0.6466875836734693 0.4286255597609562 0.6375230775510203 0.42612579681274904 0.6221557306122449 0.41820691235059765 0.6129912285714285 0.41907661354581677 0.5952861714285714 0.4138595199203187 0.5837042734693877 0.40646845019920314 0.5869319632653061 0.39774202589641433 0.5900002897959183 0.3917329322709163 0.5892831673469389 0.38494737848605576 0.598062763265306 0.3801026952191235 0.6125536244897959 0.37455925298804776 0.6297009224489796 0.36962132669322706 0.6524001265306123 0.36923281673306774 0.6866015469387755 0.37578526693227093 0.6983428040816326
3 0.2339285796812749 0.5320933591836735 0.23979781075697212 0.5451229918367347 0.24776331673306773 0.5501833265306123 0.2583684482071713 0.558298493877551 0.2559463844621514 0.5360908653061225 0.24950271912350597 0.5147732081632653 0.24181694023904382 0.4850878530612245 0.23642890239043823 0.48855457959183674 0.23225189641434263 0.5031251265306123 0.2293636235059761 0.5219592 0.2339285796812749 0.5320933591836735
3 0.1994580139442231 0.5060610775510205 0.20937993027888446 0.5154646204081632 0.22133595617529883 0.522371093877551 0.2201560059760956 0.5085311632653061 0.21759407968127492 0.49863604489795915 0.2137123406374502 0.48721351020408166 0.20717543227091634 0.4741041959183674 0.20111971713147409 0.4774912448979592 0.1970204123505976 0.4852215020408163 0.19285894422310756 0.4984239918367347 0.1994580139442231 0.5060610775510205
3 0.5224555557768925 0.8528375020408163 0.5276726494023903 0.8644193959183673 0.5389920796812749 0.8685100734693877 0.5495350517928287 0.8820974693877551 0.5648450039840637 0.8880342857142857 0.5808847968127491 0.8885785551020409 0.5877014302788844 0.8770628448979592 0.5892232689243028 0.8608055265306123 0.5867235039840637 0.8454381795918368 0.5829039262948207 0.8285434163265306 0.5790377270916335 0.8157528204081633 0.5758547450199204 0.8016738530612244 0.570016593625498 0.785908106122449 0.5701875378486057 0.770859481632653 0.5601723804780876 0.7696642775510204 0.554101125498008 0.7744193836734694 0.5487130876494024 0.7778861102040816 0.5427661533864542 0.7716967591836735 0.5375335199203187 0.7614829224489795 0.5314467231075697 0.7676060816326531 0.5279373944223107 0.782256306122449 0.5230150079681275 0.8035874530612245 0.5214310079681276 0.8253170040816327 0.5172073804780877 0.843991718367347 0.5224555557768925 0.8528375020408163
3 0.6126535717131474 0.9170282285714286 0.631239749003984 0.9288356734693878 0.643226858565737 0.9330060326530613 0.6633193326693227 0.929924212244898 0.6707881055776893 0.9198562408163266 0.6722633227091633 0.9077030897959184 0.6704001533864542 0.8951515346938775 0.6678693087649402 0.8825203020408163 0.6639720278884462 0.8724658244897959 0.6580717171314742 0.862172306122449 0.6528080019920318 0.8546945795918367 0.646798906374502 0.8539774571428572 0.6408519741035856 0.847788106122449 0.634967203187251 0.8361265306122448 0.6302934621513944 0.8355687673469387 0.6249365059760956 0.8362993836734693 0.6184617589641435 0.8177178408163265 0.6129027768924302 0.8362331959183673 0.6086791494023904 0.8549079102040816 0.6064274721115537 0.8765577795918367 0.6081507768924304 0.9014218408163266 0.6126535717131474 0.9170282285714286
3 0.7943931314741035 0.9743346285714286 0.7998277908366535 0.9667637306122449 0.7979490816733068 0.9555802367346938 0.7907134163346613 0.9451273551020408 0.7806982589641435 0.9439321510204082 0.770667561752988 0.9441050040816327 0.7665371752988048 0.9545713755102041 0.7670183685258964 0.9710677387755102 0.7943931314741035 0.9743346285714286
3 0.856503764940239 0.9802783102040816 0.8691896314741036 0.9817922326530613 0.8992972629482072 0.9799056163265306 0.9060828167330677 0.9711260204081632 0.9068903585657371 0.9588931918367347 0.8989714741035857 0.9497286857142857 0.8922791633466136 0.9502999387755102 0.8862545278884462 0.9509508734693878 0.8769070478087649 0.9498353510204082 0.8642522629482072 0.9455853142857142 0.8588486852589642 0.9504200979591837 0.8474360119521912 0.9545377632653061 0.8412093525896415 0.9729734367346938 0.856503764940239 0.9802783102040816
0 0.345206687250996 0.3707044040816327 0.3416857988047809 0.35905620816326533 0.3366800557768924 0.3575231551020408 0.3343043645418327 0.36566065306122447 0.3341982231075697 0.3750046653061224 0.3376766533864542 0.3903904653061224 0.3421520637450199 0.39840990204081633 0.34721087848605575 0.3952709469387755 0.34915176494023903 0.3852102244897959 0.345206687250996 0.3707044040816327
0 0.388529390438247 0.41610823265306124 0.38682201792828685 0.40561212653061224 0.38600548207171315 0.39709367346938773 0.3842662649402391 0.38940077142857143 0.38164682868525895 0.37879582040816323 0.37799856772908363 0.3783604408163265 0.37787119721115536 0.3895732530612245 0.37816801593625493 0.4036436979591837 0.3821449362549801 0.4153463142857143 0.3875005697211155 0.42627780000000004 0.388529390438247 0.41610823265306124
0 0.35692516533864543 0.424500281632653 0.35658588844621514 0.41416744897959185 0.35576935258964143 0.4056489918367347 0.35174997410358566 0.39768397551020407 0.3485365199203187 0.39917182040816324 0.34747585458167335 0.4121445918367347 0.34817563346613545 0.4309414612244898 0.35540846812749005 0.4374186326530612 0.35692516533864543 0.424500281632653
3 0.688847780876494 0.9529184734693877 0.6941270378486056 0.9590281428571429 0.7008038087649403 0.9598249469387755 0.7088159342629482 0.9607811102040816 0.7089402569721116 0.9498366530612244 0.7064560318725099 0.9331012489795918 0.6999812848605578 0.9145197102040816 0.6927145398406375 0.9068029428571428 0.686006687250996 0.9087422530612245 0.6839104143426296 0.9167115551020408 0.6816898167330677 0.9356253102040817 0.680835655378486 0.9519623102040816 0.688847780876494 0.9529184734693877