3 0.39061188047808765 0.5931157632653061 0.3994470876494024 0.6054486857142857 0.4143535498007968 0.6223208489795918 0.429927687250996 0.6390893428571428 0.4582498545816733 0.6593604326530612 0.48571785856573707 0.6633185020408163 0.49295352589641434 0.652601787755102 0.4927515 0.6348170489795919 0.48986322709163344 0.6160789142857143 0.48399343824701196 0.5703943020408163 0.4784344561752988 0.5520708285714285 0.4716489023904383 0.543531081632653 0.46626086454183263 0.5402562326530612 0.4602517689243028 0.5411892163265307 0.45678906175298806 0.5307630897959184 0.4500345876494024 0.5249594571428572 0.44192921912350597 0.5179950979591836 0.43908756772908364 0.5033611346938776 0.43098219920318726 0.49639677551020406 0.43144785258964147 0.4785083714285714 0.42598211155378485 0.4683932367346939 0.41868428486055775 0.47363772244897956 0.4100511035856574 0.4790895387755102 0.4040420079681275 0.4800225265306122 0.3974740199203187 0.49063557551020404 0.3929712231075697 0.5064098571428571 0.3878318306772908 0.525023918367347 0.38342227689243025 0.5490065387755102 0.3838107868525896 0.5832079591836735 0.39061188047808765 0.5931157632653061
3 0.2453673964143426 0.46628557551020405 0.2515163545816733 0.47766510204081636 0.25957509960159364 0.48052528979591835 0.27033563745019923 0.4857069306122449 0.2674162828685259 0.4642326816326531 0.260506406374502 0.44474848163265307 0.25216793227091633 0.4172632693877551 0.24687313545816733 0.42219676326530614 0.24303801792828683 0.43786737959183675 0.24058487450199204 0.45743483265306123 0.2453673964143426 0.46628557551020405
3 0.21039953984063745 0.4497872530612245 0.22050793824701195 0.4564406163265306 0.23258828884462152 0.4600468734693878 0.23109752988047808 0.4465736326530612 0.22831803984063745 0.43741189795918367 0.2241876533864542 0.4270894326530612 0.2173710199203187 0.41581357142857145 0.21140854581673305 0.4208507306122449 0.2074957250996016 0.4296810612244898 0.2036450657370518 0.44398362040816325 0.21039953984063745 0.4497872530612245
3 0.5403902410358565 0.7069077836734694 0.5458559820717132 0.7170229183673469 0.5572375737051793 0.7179967224489796 0.5680602709163346 0.7286505918367348 0.5834634661354582 0.7303704653061225 0.5994721772908366 0.7265144448979591 0.6060090856573705 0.713165281632653 0.6071579561752988 0.6965412693877552 0.6043163027888446 0.681907306122449 0.6001237549800797 0.6661126122448979 0.5959778286852591 0.654422093877551 0.5924840398406375 0.6412598489795919 0.5863040019920319 0.6271442122448979 0.5861330577689242 0.612095587755102 0.5761179003984064 0.6136505632653062 0.57017096812749 0.6200557755102041 0.564876171314741 0.624989269387755 0.5588049163346613 0.6204500285714285 0.5533547171314741 0.6117029510204082 0.5474233247011953 0.6194762204081632 0.5442558824701196 0.6350431714285715 0.5398307888446214 0.6576577387755103 0.5387440796812749 0.6797539795918367 0.5349555816733068 0.6995287632653061 0.5403902410358565 0.7069077836734694
3 0.6318004063745021 0.7461635387755102 0.6506041494023904 0.7528373142857143 0.6626534183266932 0.7537074571428573 0.6826215697211155 0.7451252734693877 0.6898416972111553 0.7330405020408163 0.691037187250996 0.7205206612244898 0.6888942928286852 0.7085191428571428 0.6860837211155378 0.696621293877551 0.6819688764940238 0.6876668857142857 0.6758509980079681 0.6790234734693877 0.6704318804780877 0.6730125102040817 0.6644227848605577 0.6739454979591837 0.6583515298804781 0.6694062571428572 0.6522181135458167 0.6593947877551021 0.6475443725099601 0.6601204448979592 0.6422184960159363 0.6623178244897959 0.6353396992031873 0.6455697346938775 0.6302158486055777 0.6655518530612244 0.6264273505976096 0.6853266408163264 0.6246729641434263 0.7075265428571428 0.6269557231075696 0.7318405714285714 0.6318004063745021 0.7461635387755102
3 0.8143480637450199 0.7534529673469388 0.8195962390438247 0.744415306122449 0.8174688844621514 0.7337818448979592 0.8100156533864542 0.7253457632653061 0.8000004960159363 0.7269007428571428 0.7900008804780877 0.729823775510204 0.786119139442231 0.7413902204081633 0.7869733007968127 0.7577032367346939 0.8143480637450199 0.7534529673469388
3 0.8764253784860557 0.7423455265306123 0.8891112450199203 0.7403758857142857 0.9190945537848606 0.7302387265306123 0.9256625438247011 0.7196256775510204 0.9261903565737052 0.7072095020408162 0.9180849900398407 0.7002451428571428 0.9114237589641434 0.7026498530612245 0.9054302051792829 0.7049508938775509 0.8960827250996016 0.7064022081632654 0.8833657788844621 0.7056357306122448 0.8780865219123506 0.7119372775510204 0.866798171314741 0.7191718163265306 0.8610066434262947 0.7392575959183674 0.8764253784860557 0.7423455265306123
0 0.35268259561752985 0.27488355510204077 0.3489069641434263 0.26423717959183673 0.3438799940239044 0.2640816285714286 0.34169536055776895 0.27284526122448977 0.34180150199203185 0.2821892734693877 0.3456195916334661 0.29657325714285715 0.35026482868525893 0.3033404204081633 0.3552387290836654 0.29882396326530614 0.3569461015936255 0.2882623306122449 0.35268259561752985 0.27488355510204077
0 0.39691812749003985 0.3082655591836735 0.3949772410358566 0.29827036326530615 0.39396964741035856 0.29000235918367345 0.39206060358565736 0.2828103714285714 0.3892076513944223 0.2729567836734694 0.385559390438247 0.27352322040816324 0.3856867629482072 0.2847360367346939 0.38630200996015934 0.29868124897959186 0.3905336733067729 0.3092568244897959 0.39612281872509963 0.31868557959183674 0.39691812749003985 0.3082655591836735
0 0.36558987250996017 0.32529829795918364 0.36501708366533864 0.31509068979591837 0.3640094900398406 0.3068226857142857 0.3598202828685259 0.29998471836734697 0.35664928486055775 0.3023491551020408 0.3558858187250996 0.31557237959183676 0.3570101693227092 0.33411879591836735 0.36437037450199206 0.3385923265306122 0.36558987250996017 0.32529829795918364
3 0.708602593625498 0.7610472367346939 0.714006173306773 0.7656901428571429 0.7206829442231076 0.7646534897959183 0.7286950697211156 0.7634095102040815 0.7285707470119522 0.7524650571428572 0.7257135537848606 0.7364630326530612 0.7188347589641434 0.7197149469387755 0.711412607569721 0.7140149795918368 0.7047669183266932 0.7177877428571429 0.7028571274900398 0.726307081632653 0.7010716613545817 0.7457708734693878 0.70059046812749 0.7622912204081632 0.708602593625498 0.7610472367346939