3 0.40170122691292875 1 0.40213597757255937 0.9836766844919786 0.3991818060686016 0.9702474331550802 0.39654193403693927 0.9596973636363636 0.3928755079155673 0.9488319786096256 0.38950943799472293 0.942232807486631 0.3860597110817942 0.9439558449197861 0.38291033905013194 0.949945090909091 0.38036167678100263 0.9644667593582888 0.37953787862796834 0.9781269037433155 0.38011070448548817 0.9894333903743315 0.38101965567282325 1 0.40170122691292875 1
3 0.42733777572559367 1 0.4267314089709762 0.9954052245989305 0.42544633113456465 0.9866625989304814 0.4234629406332454 0.9790968021390375 0.4214795501319261 0.9715310053475936 0.41939855936675463 0.9736744545454545 0.41663319920844333 0.9756077005347593 0.4151668627968338 0.9848965347593583 0.41167530606860164 0.990780679144385 0.4096082572559367 0.9915370962566845 0.40725722031662265 1 0.42733777572559367 1
3 0.3453302321899736 0.956745347593583 0.3437169129287599 0.9465105828877005 0.34277401715039574 0.9378730588235294 0.3428995039577836 0.9253897433155079 0.34373724406332457 0.9103425614973262 0.3431504762532982 0.9004231069518717 0.33977046437994723 0.8952109679144384 0.3362370791556728 0.9052562192513369 0.3357972941952507 0.9148603636363637 0.3353435659630607 0.9258515401069519 0.33320680343007913 0.9335431336898395 0.3317683522427441 0.940057898395722 0.33168469393139843 0.9483801069518717 0.3329418878627968 0.959896807486631 0.3345830936675462 0.9673574973262031 0.3379770501319261 0.9711825989304812 0.3420832598944591 0.9724438395721926 0.3458891147757256 0.969438871657754 0.3453302321899736 0.956745347593583
3 0.31749421767810027 0.9259343155080214 0.3169492783641161 0.9118537540106951 0.3149798311345647 0.9029009251336899 0.3128709538258575 0.9078184438502673 0.3117049722955145 0.921373486631016 0.31155160026385226 0.9366308770053475 0.3121383680738786 0.946550331550802 0.31484795514511876 0.9501652245989304 0.31806704221635884 0.9372408021390374 0.31749421767810027 0.9259343155080214
3 0.8406805672823219 0.9912355828877005 0.8430897981530342 0.9905842727272728 0.84588304353562 0.9858769572192514 0.846064302110818 0.9678454973262033 0.8441506266490765 0.9533445240641711 0.8407566701846966 0.9495194224598931 0.839017864116095 0.9517679786096257 0.8389342058047494 0.9600901871657754 0.8380825224274407 0.9765244064171122 0.8364413166226913 0.9690637112299465 0.8343184960422163 0.9753682673796792 0.8342487823218998 0.9823034438502674 0.8344654802110819 0.9948918663101605 0.8406805672823219 0.9912355828877005
3 0.9196906807387863 0.9219076684491979 0.9231632242744064 0.917914935828877 0.9254548390501319 0.9072353048128341 0.925879993403694 0.8959823796791444 0.9247624419525066 0.8829907754010694 0.9229720343007916 0.8748518395721926 0.9204707467018469 0.8753483903743315 0.9166237506596305 0.8855502834224599 0.9158241411609499 0.9030123636363637 0.9156847124010554 0.9168827165775401 0.9196906807387863 0.9219076684491979
3 0.886882407651715 0.9573645187165776 0.8890979696569921 0.9542505294117647 0.8898215263852244 0.9443540962566844 0.8893007770448548 0.9340754705882353 0.887275345646438 0.9182753368983957 0.8834156728232191 0.9297381711229947 0.8823810408970977 0.9395390534759358 0.8822289353562005 0.9546703475935829 0.886882407651715 0.9573645187165776
3 0.8648408680738787 0.9771558930481283 0.8680023350923484 0.9730676096256684 0.8692973430079155 0.9684060427807486 0.868776592348285 0.9581274171122994 0.8669861860158311 0.9499884759358288 0.8645482757255937 0.9441803262032086 0.8620089617414247 0.9484597005347594 0.8606252255936676 0.9619478609625669 0.8595525672823219 0.9755315721925134 0.8648408680738787 0.9771558930481283
3 0.8130148060686015 1 0.8116282994722955 0.9936971336898395 0.8098505672823219 0.9842972566844921 0.8069875013192611 0.989742026737968 0.8059528693931399 0.999542909090909 0.8034642572559366 0.9987785240641711 0.8032397427440633 1 0.8130148060686015 1
1 0.4516549142480211 0.5327896256684492 0.4530071517150395 0.5485094652406417 0.453214845646438 0.5654082085561497 0.45420601846965697 0.5794867005347594 0.4555582559366754 0.5952065401069518 0.4572715593667547 0.6125677379679144 0.4582473944591029 0.6281719679144385 0.45890817678100265 0.6375576256684492 0.45916188126649077 0.6498791497326203 0.46057546833773083 0.6594960374331551 0.46228877176781 0.6768572352941177 0.4632492704485488 0.6939872032085562 0.46573071635883906 0.7100538823529412 0.4678971081794195 0.719902 0.47040922823219 0.7329172032085562 0.47408123087071236 0.7432277754010695 0.4781756477572559 0.7490767379679144 0.4835219709762533 0.7430666363636363 0.48747004353562007 0.7259139037433155 0.4942369802110818 0.6912616042780748 0.4997213377308707 0.6715198502673797 0.5025095290237467 0.6570717540106952 0.5056127730870712 0.6488422299465241 0.5102983139841689 0.6334464652406416 0.5149071675461742 0.6256793957219252 0.5169118786279684 0.6140515561497326 0.5200151226912929 0.6058220320855615 0.5230876926121372 0.6006439839572193 0.5254534683377309 0.5906574919786096 0.529309518469657 0.582659192513369 0.5339183720316623 0.5748921229946524 0.44672269656992086 0.4976047807486631 0.45033335092348287 0.5140183048128342 0.4516549142480211 0.5327896256684492
3 0.28341996437994726 0.939387614973262 0.2871839907651715 0.9405437486631015 0.2910595593667546 0.9306036042780749 0.29122687467018465 0.9139591818181818 0.29147784828496043 0.8889925454545454 0.2874971240105541 0.8752479893048127 0.2827065461741425 0.8737765401069518 0.27824420844327175 0.8737972352941176 0.2757234327176781 0.8855448288770053 0.27552823218997363 0.9049633262032085 0.2777143773087071 0.926504577540107 0.28341996437994726 0.939387614973262