3 0.48964508047493405 0.8416910160427807 0.49239649604221636 0.8399811122994653 0.4951339696569921 0.8396582459893047 0.4988979960422163 0.8392142994652406 0.4993238377308707 0.8308517272727273 0.5001476345646437 0.8169006577540107 0.4981921306068602 0.8074335614973261 0.4973328931398417 0.7909102139037433 0.49641788390501324 0.7799350106951872 0.49510491952506597 0.7745483048128342 0.490998709762533 0.7750326042780749 0.4878772229551451 0.7795569411764707 0.4853843324538259 0.7895486951871657 0.4835200395778364 0.8050078770053476 0.48302448284960425 0.8203056256684492 0.4845820316622691 0.8353612192513369 0.48964508047493405 0.8416910160427807
3 0.3854043931398417 0.8415170748663102 0.3901949709762533 0.8409520534759358 0.3949855501319261 0.8403870320855615 0.3984213337730871 0.8385964117647059 0.40158464907651714 0.8299109732620321 0.40213597757255937 0.8090650855614974 0.3991818060686016 0.7969449946524064 0.39654193403693927 0.7875586149732621 0.3928755079155673 0.7782933155080214 0.38950943799472293 0.7731487593582889 0.3860597110817942 0.7763264171122994 0.38291033905013194 0.7836248181818181 0.38036167678100263 0.7991647165775402 0.37953787862796834 0.8131157860962567 0.38011070448548817 0.8241313529411765 0.3813400118733509 0.8378402727272727 0.3854043931398417 0.8415170748663102
3 0.41101243403693927 0.8440383208556149 0.41410603430079157 0.8422880588235294 0.4212640171503958 0.8442145989304813 0.4250698707124011 0.8396095454545454 0.42819135751978893 0.8350852139037432 0.4286450857519789 0.8239485721925134 0.4267314089709762 0.8103203689839572 0.42544633113456465 0.8021595935828876 0.4234629406332454 0.7954665668449198 0.4214795501319261 0.7887735454545455 0.41939855936675463 0.7917897647058824 0.41663319920844333 0.7948867058823529 0.4151668627968338 0.804757385026738 0.41167530606860164 0.8120961497326202 0.4096082572559367 0.8137253368983958 0.40675924142480213 0.825144486631016 0.40629156992084436 0.837668165775401 0.41101243403693927 0.8440383208556149
3 0.3453302321899736 0.8063221657754011 0.3437169129287599 0.7968147112299466 0.34277401715039574 0.7886135721925134 0.3428995039577836 0.776130256684492 0.34373724406332457 0.7607921497326203 0.3431504762532982 0.7511636203208557 0.33977046437994723 0.747406101604278 0.3362370791556728 0.7589059679144384 0.3357972941952507 0.7686555721925135 0.3353435659630607 0.7797922139037433 0.33320680343007913 0.788356577540107 0.3317683522427441 0.7954531925133691 0.33168469393139843 0.8037754010695187 0.3329418878627968 0.8147102513368984 0.3345830936675462 0.8214436310160428 0.3379770501319261 0.8238141176470588 0.3420832598944591 0.8233298128342246 0.3458891147757256 0.8187247647058823 0.3453302321899736 0.8063221657754011
3 0.31749421767810027 0.7874390053475936 0.3169492783641161 0.7736493689839572 0.3149798311345647 0.7655693101604278 0.3128709538258575 0.7713595989304813 0.3117049722955145 0.7853510320855616 0.31155160026385226 0.8006084171122995 0.3121383680738786 0.8102369465240642 0.31484795514511876 0.8126881497326203 0.31806704221635884 0.7984545668449198 0.31749421767810027 0.7874390053475936
3 0.5166695079155673 0.8292588021390374 0.5199605831134564 0.8269781550802139 0.5232326134564643 0.8265922406417112 0.5254217691292876 0.8178178770053476 0.5230889696569921 0.7944370000000001 0.5213144709762533 0.7851838877005347 0.5178277704485488 0.7837026417112299 0.5151616583113456 0.7934795026737967 0.5137930897097625 0.8135119679144385 0.5146517691292876 0.8209806149732619 0.5166695079155673 0.8292588021390374
3 0.5381904630606861 0.8248280481283422 0.5414720158311346 0.823494770053476 0.5457170026385224 0.8192091336898395 0.5476533970976254 0.8123570641711231 0.547505389182058 0.8038583582887701 0.5464701319261214 0.7907330909090908 0.5446956332453826 0.7814799786096256 0.5395538733509234 0.7820864171122994 0.5364584208443272 0.7881289518716577 0.534650988126649 0.805374459893048 0.5361155844327177 0.8222340481283422 0.5381904630606861 0.8248280481283422
3 0.6078432480211082 0.8031315935828877 0.6112650897097626 0.8027280053475936 0.6144138812664908 0.7985782834224598 0.6187943034300791 0.7955427486631016 0.6208001926121373 0.781452256684492 0.6202794419525066 0.7714381069518716 0.6204568984168866 0.7537849304812835 0.6183934406332454 0.7426932887700535 0.6144254986807388 0.735604604278075 0.6094609498680739 0.7349307005347594 0.6063121583113457 0.7390804171122994 0.6037348179419525 0.7482005240641711 0.6027001846965699 0.7583981229946524 0.6009673469656992 0.7762347486631016 0.6011263192612137 0.7913293529411765 0.6038246042216359 0.8010866737967915 0.6078432480211082 0.8031315935828877
3 0.6412313496042216 0.7858771176470588 0.6439688232189974 0.7855542513368984 0.6471321385224275 0.7768688074866309 0.6469014973614776 0.7658128877005348 0.6457000765171503 0.749329898395722 0.6437585145118734 0.7384757647058823 0.6410907559366755 0.7318634598930481 0.6383114538258575 0.7363474331550802 0.6364332176781002 0.7531936470588236 0.6362659023746702 0.7698380748663102 0.6364547137203167 0.7850551016042782 0.6412313496042216 0.7858771176470588
3 0.7232922269129287 0.7484907058823529 0.7284528746701847 0.745111256684492 0.730275339050132 0.7338131818181818 0.7300307559366754 0.7241442887700535 0.7288432770448549 0.7062742673796791 0.7273275580474935 0.6870575668449197 0.723563531662269 0.6875015080213903 0.7213988825857519 0.6988399411764705 0.7195206464379947 0.7156861604278075 0.7189135474934036 0.7420801925133689 0.7232922269129287 0.7484907058823529
3 0.7654012124010554 0.7075040374331552 0.7675519182058047 0.6975526363636363 0.7669512071240105 0.6893111443850267 0.7660222559366754 0.6797229732620321 0.7651211886543535 0.6673607272727273 0.762383716358839 0.6676835989304812 0.7608616068601584 0.683102422459893 0.7607361200527704 0.6955857379679145 0.7612671160949869 0.710762411764706 0.7654012124010554 0.7075040374331552
3 0.7763650488126649 0.7048255240641711 0.7768466622691294 0.6909148128342245 0.7752333416886544 0.6814073582887701 0.7743322757255936 0.6690451176470588 0.7715669168865436 0.6721420588235294 0.7704427638522428 0.6819723796791444 0.7706734050131926 0.6930283048128343 0.7718887691292876 0.7081242566844921 0.7763650488126649 0.7048255240641711
3 0.8406805672823219 0.6307411283422459 0.8430897981530342 0.6290715828877006 0.84588304353562 0.6232005721925133 0.846064302110818 0.6051691122994652 0.8441506266490765 0.5915409144385027 0.8407566701846966 0.5891704278074866 0.839017864116095 0.5921462941176471 0.8389342058047494 0.6004685026737968 0.8380825224274407 0.6171936470588235 0.8364413166226913 0.6104602620320856 0.8343184960422163 0.6176375882352941 0.8342487823218998 0.6245727647058824 0.8344654802110819 0.6370157272727273 0.8406805672823219 0.6307411283422459
3 0.9196906807387863 0.5282248877005348 0.9231632242744064 0.5227775347593583 0.9254548390501319 0.5111722352941176 0.925879993403694 0.4997870748663102 0.9247624419525066 0.48732442245989305 0.9229720343007916 0.47997891443850266 0.9204707467018469 0.4815333743315508 0.9166237506596305 0.49332211764705886 0.9158241411609499 0.5110486737967914 0.9156847124010554 0.5249190267379679 0.9196906807387863 0.5282248877005348
3 0.886882407651715 0.5774344919786096 0.8890979696569921 0.5733948395721925 0.8898215263852244 0.5632339304812833 0.8893007770448548 0.5532197807486631 0.887275345646438 0.5383453155080214 0.8834156728232191 0.5513950053475936 0.8823810408970977 0.5615926042780748 0.8822289353562005 0.5767238983957219 0.886882407651715 0.5774344919786096
3 0.8648408680738787 0.6064825347593583 0.8680023350923484 0.601071871657754 0.8692973430079155 0.5958813475935829 0.868776592348285 0.5858671978609625 0.8669861860158311 0.5785216898395722 0.8645482757255937 0.5737714385026738 0.8620089617414247 0.5791087219251336 0.8606252255936676 0.5931258342245989 0.8595525672823219 0.6071062566844919 0.8648408680738787 0.6064825347593583
3 0.8072547440633245 0.678765679144385 0.8107272875989446 0.6733183262032085 0.8129808746701848 0.6654958556149733 0.8140155079155673 0.6552982566844919 0.8116282994722955 0.6455042406417112 0.8098505672823219 0.6368977914438503 0.8069875013192611 0.6435327058823529 0.8059528693931399 0.6537303048128342 0.8034642572559366 0.6540238235294117 0.8021438984168866 0.6617362245989304 0.8022901952506597 0.6780917754010696 0.8072547440633245 0.678765679144385
3 0.6917105686015831 0.7659733422459893 0.6940286860158312 0.7675924171122995 0.6985359604221636 0.7604371229946524 0.7002386372031663 0.7536126203208555 0.6992319498680739 0.7376452620320856 0.697934407651715 0.7273896524064171 0.6961408614775725 0.7200312673796792 0.6938036978891821 0.7203069251336899 0.6912760699208443 0.7395298556149732 0.6906372189973615 0.7566375347593582 0.6917105686015831 0.7659733422459893
3 0.7088766213720317 0.753540064171123 0.710989592348285 0.7523446096256685 0.7122534063324539 0.7427331443850267 0.7123391147757255 0.734206871657754 0.7114899591029024 0.7257908556149733 0.7106693720316622 0.7145327540106952 0.708828209762533 0.7119111871657753 0.7062097137203166 0.7169512245989305 0.7061049577836412 0.7273722245989305 0.7062434419525067 0.7368182994652406 0.7063819261213721 0.7462643689839572 0.7088766213720317 0.753540064171123
3 0.6730132572559366 0.7681785828877006 0.675836901055409 0.7659530695187167 0.6782788192612138 0.7552564117647058 0.678431191292876 0.7400985882352942 0.678545469656992 0.7287302245989304 0.677686790237467 0.7212615775401069 0.6750778166226913 0.7253542513368983 0.6723017902374671 0.7228429465240641 0.669273 0.722253935828877 0.6671028891820581 0.7291335668449197 0.6663973759894459 0.7528727967914439 0.6685916926121372 0.7668075989304813 0.6730132572559366 0.7681785828877006
3 0.6545020461741424 0.7750930695187166 0.6563813007915568 0.7739251818181818 0.6573637823218997 0.769078101604278 0.6581601635883905 0.759521770053476 0.6571058601583114 0.7482912299465241 0.6548353588390502 0.7419353368983957 0.6526938179419525 0.7459728823529411 0.6518498205804749 0.760266037433155 0.6517355422163588 0.7716344010695187 0.6545020461741424 0.7750930695187166
1 0.4516549142480211 0.33911322459893045 0.4530071517150395 0.3541930374331551 0.453214845646438 0.370931770053476 0.45420601846965697 0.3845302352941177 0.4555582559366754 0.3996100481283423 0.4572715593667547 0.41617120320855616 0.4582473944591029 0.43129540641711234 0.45890817678100265 0.44036104812834226 0.45916188126649077 0.45252256684491976 0.46057546833773083 0.46149942245989306 0.46228877176781 0.47806057754010695 0.4632492704485488 0.49471051871657756 0.46573071635883906 0.5096571497326203 0.4678971081794195 0.5185452139037433 0.47040922823219 0.5304403636363636 0.47408123087071236 0.5391508502673796 0.4781756477572559 0.5432397326203209 0.4835219709762533 0.5349895133689839 0.48747004353562007 0.5162367005347593 0.4942369802110818 0.4788642620320856 0.4997213377308707 0.4568823957219252 0.5025095290237467 0.4413142459893048 0.5056127730870712 0.4318046577540107 0.5102983139841689 0.41448879679144385 0.5149071675461742 0.40480163101604283 0.5169118786279684 0.3923737486631016 0.5200151226912929 0.38286416042780747 0.5230876926121372 0.3764060481283422 0.5254534683377309 0.3654595080213904 0.529309518469657 0.35586113368983957 0.5339183720316623 0.34617396256684496 0.44672269656992086 0.3061684919786096 0.45033335092348287 0.320981935828877 0.4516549142480211 0.33911322459893045
3 0.28341996437994726 0.8152753101604278 0.2871839907651715 0.8148313636363637 0.2910595593667546 0.8032911390374331 0.29122687467018465 0.7866467112299466 0.29147784828496043 0.7616800748663102 0.2874971240105541 0.749681064171123 0.2827065461741425 0.7502460802139038 0.27824420844327175 0.7521577807486631 0.2757234327176781 0.7649236096256685 0.27552823218997363 0.7843421016042781 0.2777143773087071 0.8048651229946525 0.28341996437994726 0.8152753101604278