3 0.3974148247011952 0.25658419900497514 0.3999098446215139 0.2622773855721393 0.40117458366533865 0.26623832338308456 0.40530233665338644 0.2712960870646766 0.4118969422310757 0.2704732910447761 0.4122315617529881 0.2637963383084577 0.41359199402390434 0.2616219129353234 0.4128303147410358 0.25387539054726366 0.4110890398406375 0.2521765447761194 0.4105177768924303 0.24636661691542286 0.40877650199203186 0.2446677711442786 0.405892890438247 0.24054091044776119 0.40149349800796813 0.24028719402985074 0.39673837848605575 0.24380107960199005 0.3974393844621514 0.25015644278606963 0.3974148247011952 0.25658419900497514
3 0.28034076892430276 0.27687206965174127 0.285097655378486 0.2761427064676617 0.2878933784860558 0.2751110696517413 0.28742612151394425 0.2703589154228856 0.2841047310756972 0.26604438059701496 0.28101697011952187 0.2641059228855721 0.27673577290836654 0.26476235074626864 0.27292183266932274 0.27017093034825873 0.2733306832669323 0.2743290646766169 0.28034076892430276 0.27687206965174127
3 0.18458768725099603 0.28113678606965176 0.18861539442231076 0.2805192263681592 0.19277973705179283 0.27851926119402987 0.19744813944223108 0.2761016492537313 0.2039254422310757 0.2754488606965174 0.20869275099601595 0.27403717164179103 0.21077492430278882 0.27303718905472635 0.21242373505976095 0.2704018358208955 0.21343661155378485 0.26684290049751247 0.21233910358565736 0.261225 0.20972942231075697 0.2568600472636816 0.20463241832669324 0.25491865422885573 0.19953541434262947 0.25297726119402986 0.1962473107569721 0.25280069154228857 0.19379295617529882 0.25555955721393037 0.191668296812749 0.26167150497512437 0.18868643625498008 0.25906543781094526 0.18590714741035858 0.25574758208955223 0.18047569123505977 0.25317674129353235 0.17798836852589642 0.2556002985074627 0.17744182270916334 0.2611299129353234 0.17662200597609562 0.2694243383084577 0.17721545418326692 0.2754598880597015 0.1792881075697211 0.2799071791044776 0.18458768725099603 0.28113678606965176
3 0.1578349701195219 0.2883783457711443 0.16456558964143425 0.28538424129353235 0.16840449003984062 0.28424747263681593 0.169656390438247 0.279122092039801 0.16793427689243026 0.27500087064676615 0.16367059760956174 0.2718175024875622 0.1601048486055777 0.2712679129353234 0.15779100000000001 0.26559294527363186 0.1528140597609562 0.268548684079602 0.14950613346613548 0.2750856268656717 0.14814037450199202 0.28351741791044777 0.15034802788844623 0.2881123507462686 0.1578349701195219 0.2883783457711443
3 0.23139297011952192 0.2737621915422886 0.23513119920318723 0.27119571144278604 0.23700728087649403 0.2659247960199005 0.23652457768924304 0.2610155447761194 0.2355522011952191 0.25518472388059704 0.23280725099601596 0.25161899253731346 0.22828972709163348 0.25031835323383084 0.2253860298804781 0.25325520149253733 0.22267541434262947 0.2581557487562189 0.22335120119521912 0.2650286965174129 0.2256960517928287 0.2726423830845771 0.23139297011952192 0.2737621915422886
3 0.04253251195219123 0.2783295422885572 0.04189003187250996 0.2717953308457712 0.04071345816733068 0.2647400373134328 0.03893594820717132 0.26139473134328356 0.03447109760956175 0.2650941915422885 0.03065715737051793 0.2705027711442786 0.027736187250996015 0.27517146019900496 0.028437073705179283 0.28229969154228857 0.032117338645418325 0.2853532512437811 0.03758354183266933 0.2869270273631841 0.04253251195219123 0.2783295422885572
3 0.45404187848605576 0.2696784950248756 0.4583663207171315 0.2690154378109453 0.46350255378486055 0.26767975124378107 0.46842639641434264 0.26418399253731345 0.4677361294820717 0.2571637686567164 0.46476978286852594 0.2537814800995025 0.46039224302788845 0.2539045199004975 0.45292683067729084 0.25833812935323386 0.44805608565737054 0.2623739029850746 0.4485870597609562 0.26777407711442786 0.45404187848605576 0.2696784950248756
3 0.47977356772908364 0.26708210696517415 0.48512476494023904 0.26436446019900495 0.4858911215139442 0.258765368159204 0.4836303705179283 0.25363041791044777 0.4810433705179283 0.24964180845771144 0.475633984063745 0.25266385323383084 0.47400273904382473 0.25839555472636816 0.4750192549800797 0.2642694427860697 0.47977356772908364 0.26708210696517415
3 0.5040838824701195 0.2696798781094527 0.5082490338645419 0.2673967686567164 0.5135522231075698 0.2632946865671642 0.5152896653386454 0.25864301990049754 0.512270219123506 0.2547207139303483 0.5079457768924303 0.2553837736318408 0.5045924183266932 0.25699425373134327 0.5012467231075697 0.2542182910447761 0.4963836434262948 0.2538676194029851 0.4961028266932271 0.2599404228855721 0.49906150996015936 0.2677091542288557 0.5040838824701195 0.2696798781094527
3 0.5383455059760955 0.26990819900497515 0.5424044621513944 0.26654505472636814 0.5465165139442231 0.26372192786069654 0.546417984063745 0.258255447761194 0.5458870079681275 0.2528552736318408 0.5434593007968128 0.25048671393034827 0.5406522450199203 0.2487244800995025 0.5360015537848606 0.2505338781094527 0.5323219462151394 0.2532907014925373 0.5300458645418327 0.2569286393034826 0.530956187250996 0.26172249004975123 0.5331107430278885 0.26577740547263684 0.5383455059760955 0.26990819900497515
3 0.12328249203187251 0.2911216791044776 0.12775871314741036 0.28794371890547266 0.13066241035856574 0.28500687064676616 0.1318005 0.2803474328358209 0.12797269920318724 0.2779443855721393 0.1216826015936255 0.27890883333333333 0.1173581593625498 0.2795718930348259 0.11499937250996016 0.27993355970149253 0.11430268326693227 0.28502364427860694 0.11675104183266932 0.2896315024875622 0.12328249203187251 0.2911216791044776
3 0.8489214800796813 0.20907736567164178 0.8467589422310757 0.20146360696517412 0.8435455478087649 0.19754223631840798 0.8379739023904382 0.1983965248756219 0.8340517111553785 0.20164635074626863 0.8348213366533864 0.2094736815920398 0.8414314940239044 0.21199142039800994 0.8489214800796813 0.20907736567164178
3 0.7145798565737052 0.2544816293532338 0.7162231513944223 0.24958676119402984 0.7185917211155378 0.24126432835820893 0.7165079641434263 0.23627764925373135 0.7130471812749004 0.23349192537313432 0.7108991772908367 0.22785182587064678 0.7058686195219124 0.2253067910447761 0.7039590597609562 0.23289557213930348 0.7019852509960159 0.2398309328358209 0.7027562270916335 0.24767198507462687 0.7067309940239044 0.25568507960199005 0.7145798565737052 0.2544816293532338
3 0.6581590079681275 0.2672156194029851 0.6619645179282869 0.2666321293532338 0.6648854880478088 0.2619634402985075 0.6643598227091633 0.2566172661691542 0.6602622768924302 0.2542306616915423 0.6562899780876493 0.24820700746268656 0.6543787928286853 0.2533238407960199 0.6522923844621514 0.25665861940298507 0.6519250796812749 0.262744684079602 0.6522755239043825 0.2663087985074627 0.6581590079681275 0.2672156194029851
3 0.6479359183266932 0.2663712064676617 0.6484200378486056 0.2614731815920398 0.6470598107569722 0.25746092039800994 0.6445145756972112 0.2512184552238806 0.639223593625498 0.25142673631840795 0.6345835219123506 0.2533441368159204 0.6340994023904383 0.25824216417910445 0.6346834741035857 0.26418235572139304 0.6404417151394421 0.2687262263681592 0.6479359183266932 0.2663712064676617
3 0.6012684561752988 0.2680998631840796 0.6025871374501992 0.2618679253731343 0.6011685039840637 0.2572616467661692 0.5980807430278885 0.2553231865671642 0.5914211015936255 0.2563442960199005 0.5898687908366533 0.26020015671641794 0.5905696772908366 0.2673283880597015 0.5953181314741035 0.27142411194029853 0.6012684561752988 0.2680998631840796
3 0.5529553466135457 0.2734582860696518 0.5566609123505977 0.2742491890547264 0.561708280876494 0.27392831094527365 0.5653324163346614 0.27020146268656714 0.5658277888446215 0.2678603905472637 0.5655644960159363 0.2651826169154229 0.5619969103585658 0.2621054378109453 0.5610251673306773 0.25591210199004977 0.560316719123506 0.2523965373134328 0.5572820537848605 0.2510497412935323 0.5528114880478088 0.25354729850746266 0.5525794083665339 0.25856614427860697 0.5506481334661355 0.2647515721393035 0.5488109581673307 0.26820442786069654 0.5529553466135457 0.2734582860696518