3 0.4702702908366534 0.2274498631840796 0.4710555438247012 0.23386533084577116 0.4711591533864542 0.23812756467661692 0.4736527091633466 0.2446432686567164 0.4800749661354582 0.24668664925373132 0.4822181454183267 0.24055528109452734 0.48409208565737055 0.23909303233830845 0.48549802390438246 0.2314883656716418 0.4843270577689243 0.229148276119403 0.4853815179282868 0.22344474378109452 0.48421054980079686 0.2211046517412935 0.48263114143426294 0.21599508208955223 0.47856655577689244 0.21387768905472637 0.4731357888446215 0.2151487487562189 0.47205385856573706 0.22142023631840796 0.4702702908366534 0.2274498631840796
3 0.3547000458167331 0.19651192039800996 0.35936982071713147 0.19785820895522388 0.3622794980079681 0.1980828407960199 0.36314198007968124 0.19341771144278605 0.3612025956175299 0.18794481094527363 0.35883197211155377 0.18480447263681593 0.3546291733067729 0.18359281343283582 0.3495638944223108 0.18704628358208955 0.34880922111553786 0.19112827363184082 0.3547000458167331 0.19651192039800996
3 0.26355352390438247 0.15962332338308458 0.2675074741035856 0.16076323880597015 0.27196844422310756 0.1606624776119403 0.2770174641434263 0.16038453731343283 0.2832829282868526 0.16253757213930348 0.2881493804780877 0.16324713432835822 0.29037986653386455 0.1631967537313433 0.2926510358565737 0.161424539800995 0.2945775796812749 0.15851283333333333 0.295084938247012 0.15276498756218904 0.2938281513944223 0.14754868159203982 0.28957025896414346 0.14354743781094526 0.2853123685258964 0.13954619651741293 0.28227092031872514 0.1379759278606965 0.27920896215139446 0.1395201592039801 0.2755384422310757 0.1443560696517413 0.27345018127490045 0.1406336144278607 0.2717472270916335 0.136328815920398 0.267347452191235 0.13159324378109452 0.26434634860557765 0.13280830597014925 0.2623182649402391 0.13777101741293532 0.25927613944223105 0.14521508208955225 0.25818072908366535 0.15114010447761195 0.25891032470119524 0.15620442288557215 0.26355352390438247 0.15962332338308458
3 0.23643081474103586 0.15500208457711442 0.24357557768924304 0.15506319402985075 0.24749431274900396 0.15563457213930348 0.2500744980079681 0.1513529776119403 0.24958499601593626 0.14674478109452738 0.24645033665338645 0.14193237562189054 0.24325015537848604 0.13989300000000002 0.2426301573705179 0.1335720298507463 0.23714381872509963 0.1342238656716418 0.23224499203187252 0.13895377114427862 0.22865222709163346 0.1462937462686567 0.22946824302788843 0.15155446019900498 0.23643081474103586 0.15500208457711442
3 0.30955592231075696 0.1726839975124378 0.3137716374501992 0.1718688930348259 0.3169782231075697 0.16771712437810946 0.3178692171314741 0.16289777611940298 0.3185524780876494 0.15700329601990048 0.3169496812749004 0.15248023631840796 0.3130608286852589 0.14932859950248756 0.3095278764940239 0.15084816666666667 0.3056385278884462 0.15429547263681592 0.3043911354581673 0.16104255970149253 0.30450927290836655 0.1691985696517413 0.30955592231075696 0.1726839975124378
3 0.13083419721115536 0.09631364179104478 0.13202011155378487 0.08989908955223881 0.13284685657370518 0.08276676865671642 0.13209278486055778 0.07886403482587065 0.12688395816733067 0.08043345273631841 0.12181867928286852 0.08388692288557215 0.11779516334661355 0.08702650995024876 0.11650144023904382 0.0940242039800995 0.11912342231075697 0.09846545024875622 0.12382893426294822 0.1022789328358209 0.13083419721115536 0.09631364179104478
3 0.5198959362549801 0.26393987810945274 0.524141187250996 0.265163776119403 0.5293334960159363 0.2661023233830846 0.534917842629482 0.2649203606965174 0.5361919641434263 0.2580286915422886 0.5343308804780876 0.2535834552238806 0.5301836394422311 0.2518294303482587 0.5219541314741036 0.252807184079602 0.5162717749003984 0.254519276119403 0.5152916812749004 0.25982055970149254 0.5198959362549801 0.26393987810945274
3 0.5447869362549801 0.27249006965174133 0.5505597490039841 0.27222181343283586 0.5528134163346614 0.2672876990049751 0.5520954103585658 0.26149685572139303 0.5507568585657371 0.25664388059701493 0.5448459960159363 0.25717332835820894 0.5417432788844622 0.26186266169154226 0.5410897011952192 0.26781646268656717 0.5447869362549801 0.27249006965174133
3 0.5669196593625497 0.2853141069651741 0.571458938247012 0.2849476194029851 0.5775658207171315 0.2833579154228856 0.5804725199203187 0.2797288383084577 0.5787094442231075 0.2747534751243781 0.5744641932270916 0.2735295771144279 0.5708719741035857 0.27361071393034825 0.5684883565737051 0.26957321641791043 0.5640145996015936 0.26716667412935324 0.5620874462151394 0.2727533034825871 0.5627399322709163 0.2813171766169154 0.5669196593625497 0.2853141069651741
3 0.5990525199203187 0.30016179104477614 0.6037878167330678 0.2987350472636816 0.6084251055776893 0.2978384303482587 0.6098297231075698 0.29265953731343286 0.6108098167330678 0.2873582562189055 0.6091772390438247 0.2840956641791045 0.6070221254980079 0.2812408134328358 0.6021563306772909 0.28095478358208953 0.5979435677290836 0.28197378855721394 0.5948083625498007 0.28442021890547264 0.5943508027888447 0.289313763681592 0.595264828685259 0.29404434825870646 0.5990525199203187 0.30016179104477614
3 0.20321073705179285 0.1428226169154229 0.20828741633466136 0.14174810447761194 0.21182036852589642 0.14022853731343285 0.21416599003984063 0.13633617910447762 0.21122720119521912 0.13244319900497512 0.20505229083665338 0.13066298507462687 0.20080703984063744 0.1294390870646766 0.19849144820717132 0.12877150746268656 0.19644265936254982 0.1332570646766169 0.19748132470119523 0.1386327288557214 0.20321073705179285 0.1428226169154229
3 0.9075593446215139 0.3756464353233831 0.907612545816733 0.367568223880597 0.9056669621513944 0.36251089800995023 0.9001973486055777 0.3609340199004975 0.8956216015936255 0.3623126915422885 0.894200998007968 0.36999668407960196 0.8997229342629482 0.3751857810945273 0.9075593446215139 0.3756464353233831
3 0.7688838007968127 0.3609352089552239 0.7717686414342629 0.35703738805970153 0.7762737888446215 0.3502284751243781 0.7756814940239044 0.34465255721393034 0.7731923984063745 0.34055673134328357 0.7727186932270916 0.33433936069651743 0.7686885717131474 0.3297992587064677 0.7648156912350598 0.33611480845771147 0.7610614023904382 0.3417889029850746 0.7596383067729084 0.34948636567164176 0.761178671314741 0.3587138333333333 0.7688838007968127 0.3609352089552239
3 0.7123778505976095 0.3488039129353234 0.716113671314741 0.3498809427860697 0.7201371852589642 0.34674135572139303 0.7211074780876494 0.3414930870646766 0.7179107091633465 0.33750035074626866 0.7158277788844621 0.33014339800995024 0.7126304103585658 0.33413538308457713 0.7097564701195219 0.33637794527363185 0.7077444123505976 0.3419400995024876 0.7070975517928286 0.34543894527363184 0.7123778505976095 0.3488039129353234
3 0.7030025637450199 0.34364414427860696 0.7047990000000001 0.3392482736318408 0.7046197171314741 0.33489702736318405 0.7039377211155379 0.32794396019900496 0.6989087768924304 0.32587990298507463 0.6940233804780876 0.3256998980099502 0.6922269442231076 0.33009577114427857 0.6911488406374503 0.3359271815920398 0.6953153027888446 0.342656368159204 0.7030025637450199 0.34364414427860696
3 0.6586760338645419 0.32533688805970146 0.6616220458167331 0.3200439925373134 0.6615505737051793 0.31510960447761194 0.6591799501992033 0.3119692686567164 0.6526422629482072 0.31008446517412935 0.6501274920318725 0.3130447985074627 0.6488337689243029 0.3200424925373134 0.6521740836653387 0.3259192786069652 0.6586760338645419 0.32533688805970146
3 0.6118089501992031 0.3097376393034826 0.6150744223107569 0.3120634925373134 0.6199052828685259 0.31391769402985076 0.6243315976095618 0.31196347263681595 0.6254382908366534 0.3099751567164179 0.6259242868525897 0.30734642039800997 0.6234146573705179 0.30293110199004974 0.6241978027888446 0.2966962388059702 0.6244949521912351 0.29309010945273634 0.6220121713147411 0.2905284303482587 0.6171271613545817 0.29096599004975127 0.6155344741035856 0.29558303980099504 0.6120255498007968 0.3005705945273632 0.6093534721115538 0.30303055970149256 0.6118089501992031 0.3097376393034826