0 0.0013663414138523006 0.28617730113223866 0.004099024241556902 0.2940953777816338 0.007742601345163037 0.3030032140122033 0.015029755552375307 0.3030032140122033 0.017762438380079907 0.2990441756875058 0.01912877979393221 0.28320802238871545 0.01867333265598144 0.2683616286710996 0.01594064982827684 0.2515357157911349 0.013663414138523006 0.23668932207351898 0.011386178448769173 0.22580196668060062 0.007742601345163037 0.2159043708688567 0.005009918517458436 0.20996581338181033 0.0018217885518030676 0.20402725589476398
0 0.03689121817401212 0.2673718690899252 0.03598032389811059 0.2505459562099605 0.03506942962220905 0.2337200433299958 0.035524876760159814 0.22580196668060062 0.039168453863765954 0.22382244751825187 0.04190113669147055 0.23470980291117013 0.04281203096737209 0.24460739872291415 0.04281203096737209 0.26143331160287886 0.04053479527761825 0.27726946490166915
0 0.7356069465796495 0.4369962064450739 0.7278035114317958 0.42192232690982556 0.7260694147322725 0.39554303772314087 0.7265029389071533 0.3663373961235973 0.7312717048308418 0.3503213991173958 0.7412427608530996 0.3484371641754897 0.7434103817275034 0.35691622141406687 0.7447109542521457 0.3738743358912213 0.7451444784270265 0.39083245036837577 0.7451444784270265 0.4068484473745772 0.7434103817275034 0.42192232690982556 0.7408092366782187 0.4275750317355438
0 0.488244395829172 0.6775424602686854 0.4878108716542912 0.6587001108496249 0.4878108716542912 0.6370314090177054 0.4878108716542912 0.6172469421276919 0.4899784925286951 0.6012309451214904 0.49344668592774144 0.6115942373019738 0.49388021010262206 0.6313787041919873 0.49388021010262206 0.656815875907719 0.4930131617528606 0.6775424602686854
0 0.555440642935692 0.62289964695341 0.5485042561375996 0.5908676529410072 0.547637207787838 0.5682568336381346 0.547637207787838 0.5381090745676379 0.5545735945859305 0.5418775444514501 0.5602094088593804 0.5494144842190741 0.564978174783069 0.5569514239866984 0.564978174783069 0.5729674209928998 0.5641111264333074 0.5908676529410072 0.5623770297337843 0.6078257674181616 0.5597758846844997 0.621957529482457
0 0.5172905155461839 0.6266681168372221 0.5138223221471376 0.6097100023600677 0.511221177097853 0.5899255354700542 0.5125217496224953 0.5720253035219467 0.5216257572949915 0.5710831860509937 0.5229263298196338 0.5974624752376784 0.5229263298196338 0.6097100023600677 0.5224928056447531 0.621015412011504
0 0.4990825002011913 0.653047406023907 0.49778192767654905 0.6379735264886585 0.49604783097702587 0.6078257674181616 0.49734840350166826 0.5936940053538663 0.5025506936002375 0.5946361228248194 0.5034177419499991 0.6097100023600677 0.5034177419499991 0.6247838818953161
0 0.5732151341058037 0.6031151800633966 0.5693134165318767 0.5776780083476649 0.5684463681821151 0.5531829541028863 0.5693134165318767 0.5324563697419198 0.5732151341058037 0.5239773125033426 0.5792844725541345 0.5211509600904835 0.58795495605175 0.5418775444514501 0.58795495605175 0.5588356589286044 0.5853538110024654 0.5776780083476649 0.5823191417782999 0.5927518878829132 0.5779839000294922 0.6021730625924435
0 0.7193700486218221 0.7244671762732786 0.7091261447963998 0.7155625187488421 0.7036627294228412 0.6903326557629389 0.6954676063625033 0.6725233407140663 0.692735898675724 0.6502616969029754 0.6913700448323342 0.6324523818541026 0.6900041909889447 0.6116748476304176 0.6893212640672498 0.5894132038193267 0.6913700448323342 0.5760562175326721 0.6934188255974189 0.5612151216586114 0.6975163871275878 0.5478581353719568 0.7029798025011463 0.5448899161971447 0.7077602909530101 0.5478581353719568 0.7125407794048739 0.5612151216586114 0.7125407794048739 0.5775403271200782 0.7145895601699582 0.599801970931169 0.7145895601699582 0.6176112859800419 0.7145895601699582 0.6383888202037268 0.7145895601699582 0.6621345736022238 0.715955414013348 0.6799438886510966 0.7173212678567376 0.6947849845251572 0.7193700486218221 0.7096260803992177
0 0.7575660396129524 0.6703563273469716 0.7513576130520903 0.6663087557449553 0.7457700291473146 0.6487692788028835 0.7414241305547111 0.6231346586567786 0.7408032878986249 0.5988492290446795 0.743907501179056 0.5745637994325801 0.743907501179056 0.5583735130245139 0.7432866585229698 0.5394848455484369 0.7426658158668836 0.5178977970043487 0.7389407599303663 0.5017075105962825 0.7395616025864526 0.48551722418821636 0.7420449732107974 0.4706761283141556 0.747011714459487 0.45988260404211156 0.750115927739918 0.4396447460320289 0.7550826689886075 0.4275020312259792 0.7619119382055559 0.4275020312259792 0.7699828927346766 0.42210526908995727 0.7811580605442282 0.4113117448179131 0.7873664871050902 0.3991690300118635 0.8004041828829004 0.37623279093376977 0.8134418786607107 0.36274088559371465 0.8202711478776589 0.36004250452570363 0.8258587317824344 0.3667884571957313 0.8345505289676416 0.37488360039976437 0.8438631688089344 0.38432793413780286 0.8519341233380551 0.39242307734183596 0.8655926617719516 0.39781983947785804 0.8749053016132448 0.38702631520581393 0.8860804694227963 0.3735344098657588 0.8991181652006065 0.3627408855937147 0.9065682770736408 0.3654392666617257 0.9146392316027615 0.38028036253578634 0.9202268155075373 0.4059149826818911 0.9208476581636235 0.4355971744300124 0.9152600742588477 0.4544858419060896 0.9102933330101582 0.46932693778015017 0.9016015358249514 0.4801204620521944 0.8966347945762617 0.4963107484602606 0.8941514239519169 0.5044058916642935 0.8904263680153996 0.5138502254023322 0.8867013120788825 0.5232945591403708 0.8798720428619343 0.5408340360824424 0.8736636163010723 0.5543259414224976 0.8655926617719516 0.5678178467625525 0.8494507527137104 0.5745637994325801 0.8345505289676416 0.5826589426366133 0.8246170464702622 0.5975000385106739 0.8184086199094003 0.605595181714707 0.8103376653802796 0.6217854681227731 0.8041292388194176 0.6298806113268063 0.7948165989781244 0.6406741355988504 0.7861248017929177 0.6501184693368891 0.7768121619516247 0.658213612540922 0.771845420702935 0.6622611841429386
0 0.7590787446198227 0.36530965230204226 0.7576306062147566 0.35712735686354724 0.7567617231717169 0.34768624674220705 0.7576306062147566 0.3426509880108256 0.75792023389577 0.3319510632066399 0.75792023389577 0.32691580447525853 0.7596579999818492 0.3237687677681451 0.7625542767919815 0.3319510632066399 0.7634231598350212 0.3407627659865575 0.7634231598350212 0.3483156540836297 0.7634231598350212 0.3539803201564338 0.7631335321540079 0.3609038009120834
0 0.5157843962840638 0.7594185448421902 0.5103209809105052 0.7490297777303477 0.5048575655369466 0.7386410106185053 0.5007600040067776 0.7267681339192568 0.5034917116935569 0.714895257220008 0.5110039078322 0.7015382709333536 0.5171502501274533 0.7030223805207596 0.5171502501274533 0.6881812846466989 0.5198819578142326 0.6748242983600444 0.5267112270311809 0.6659196408356081 0.5294429347179602 0.6599832024859839 0.533540496248129 0.6584990928985778 0.5403697654650773 0.6659196408356081 0.5485648885254152 0.6733401887726385 0.5567600115857531 0.6763084079474505 0.56905269617626 0.6896653942341051 0.5745161115498185 0.685213065471887 0.5751990384715133 0.6703719695978263 0.5786136730799873 0.6644355312482019 0.5847600153752408 0.6614673120733898 0.5977356268874424 0.6674037504230141 0.6018331884176114 0.6822448462970747 0.6052478230260855 0.7015382709333536 0.6059307499477803 0.7208316955696323 0.603199042261001 0.7416092297933173 0.5950039192006631 0.7505138873177538 0.5874917230620201 0.7594185448421902 0.576564892314903 0.7683232023666265 0.5663209884894806 0.7683232023666265 0.5547112308206686 0.7683232023666265 0.5390039116216877 0.7712914215414386 0.530125861639655 0.7712914215414386
0 0.6257427122149676 0.6927200245077467 0.6227080429908023 0.6908357895658405 0.617505752892233 0.6785882624434513 0.6170722287173522 0.6616301479662968 0.6170722287173522 0.6446720334891424 0.6227080429908023 0.6324245063667531 0.6266097605647293 0.6324245063667531 0.6305114781386563 0.6399614461343773 0.634846719887464 0.6503247383148605 0.634846719887464 0.6616301479662968 0.6357137682372255 0.6748197925596391 0.6335461473628217 0.6832988497982164 0.6296444297888947 0.6908357895658405