3 0.6078640790905594 0.872678021576641 0.6060422905387565 0.8597963450629587 0.6096858676423625 0.8520673391547494 0.6142403390218703 0.843050165595172 0.6174284689875256 0.8353211596869626 0.6219829403670333 0.8301684890814898 0.6247156231947378 0.8275921537787532 0.6301809888501471 0.8327448243842263 0.6365572487814578 0.8391856626410673 0.6411117201609655 0.8443383332465402 0.642022614436867 0.8507791715033812 0.6411117201609655 0.8649490156684316 0.6356463545055563 0.8713898539252726 0.6292700945742454 0.8752543568793772 0.6197057046772794 0.8791188598334818 0.6128739976080179 0.8791188598334818
3 0.2464325733783207 0.7833000310696001 0.24601853052563816 0.769247293054674 0.2464325733783207 0.7563656165409918 0.24891683049441574 0.7481681860322851 0.25264321616855845 0.7481681860322851 0.256369601842701 0.7481681860322851 0.2588538589587961 0.7528524320372604 0.26009598751684365 0.7610498625459673 0.2605100303695262 0.7727604775584055 0.2584398161061136 0.7821289695683562 0.25678364469538356 0.7868132155733314 0.25098704475782835 0.7891553385758191
3 0.21993383080663972 0.7622209240472111 0.21993383080663972 0.7516813705360166 0.22159000221736977 0.7434839400273097 0.22573043074419488 0.7423128785260659 0.22987085927102005 0.7411418170248222 0.23276915923979768 0.7411418170248222 0.2348393735032103 0.7423128785260659 0.2364955449139403 0.7528524320372604 0.23732363061930534 0.7622209240472111 0.2348393735032103 0.7704183545559178 0.2306989449763851 0.7727604775584055 0.22287096438511417 0.7725732933554319
3 0.30369085036723803 0.8318592531526043 0.30482005814728125 0.8233424422344675 0.3070784737073677 0.8169548340458648 0.3093368892674541 0.8095026244924949 0.31121890223419285 0.8063088203981935 0.3146065255743225 0.8041796176686593 0.31761774632110445 0.8063088203981935 0.3198761618811909 0.8126964285867964 0.32138177225458187 0.8222778408697002 0.3228873826279728 0.8361176586116729 0.3221345774412773 0.8446344695298097 0.3191233566944954 0.8520866790831796 0.30670207111402 0.8425052668002755
3 0.34993618126497866 0.8663477179313542 0.34993618126497866 0.8575493595448491 0.35118048735869006 0.8469913294810429 0.35429125259296906 0.8443518219650915 0.35740201782724784 0.8443518219650915 0.3611349361083825 0.8487510011583439 0.36611216048322864 0.8496308369969944 0.37015615528779117 0.8505106728356451 0.37357799704549793 0.852270344512946 0.3745112266157815 0.8610687028994513 0.3748223031392095 0.8698670612859561 0.37420015009235363 0.8804250913497624 0.3670453900535124 0.8839444347043642 0.35926847696781516 0.8821847630270634 0.35429125259296906 0.8769057479951603
3 0.47468848654090545 0.8884524447698581 0.47368650283741376 0.8657806941057775 0.47769443765138053 0.8572787876067473 0.482704356168839 0.8530278343572322 0.4877142746862974 0.8530278343572322 0.4932251850555018 0.8572787876067473 0.49573014431423085 0.8686146629387875 0.49573014431423085 0.8785335538543229 0.49222320135201003 0.8941203824358781 0.4857103072793139 0.8941203824358781 0.47769443765138053 0.8927033980193732
3 0.699011650760201 0.8509111262779466 0.6998397364655661 0.8298320192555576 0.7031520792870262 0.8204635272456069 0.7072925078138514 0.8157792812406315 0.7114329363406765 0.8157792812406315 0.7155733648675018 0.8228056502480945 0.7192997505416443 0.8321741422580452 0.7197137933943267 0.8438847572704836 0.7143312363094542 0.8509111262779466 0.7085346363718991 0.8509111262779466 0.7031520792870262 0.8532532492804343
3 0.6675443939563298 0.847397941774215 0.6696146082197424 0.8321741422580452 0.6725129081885199 0.8239767117493383 0.6762392938626627 0.8157792812406315 0.6799656795368054 0.8157792812406315 0.6865903651797257 0.8157792812406315 0.6911448365592332 0.8204635272456069 0.6936290936753283 0.8321741422580452 0.6936290936753283 0.8427136957692397 0.6923869651172808 0.8497400647767026 0.6845201509163129 0.8520821877791903 0.671684822483155 0.8520821877791903
3 0.8947310455745979 0.7189029341875697 0.8906320213330408 0.7073094253252556 0.8929092570227943 0.690563245857469 0.8956419398504991 0.6763934016924186 0.9001964112300068 0.6763934016924186 0.9056617768854159 0.6815460722978913 0.9083944597131206 0.6918514135088372 0.9074835654372191 0.708597592976624
3 0.8617830860108647 0.7480244028759588 0.8617830860108647 0.7363137878635206 0.864041501570951 0.7267323755806164 0.8651707093509943 0.7182155646624796 0.8670527223177331 0.711827956473877 0.8693111378778193 0.7096987537443425 0.8734515664046448 0.7096987537443425 0.8790976053048608 0.7107633551091097 0.8817324234582948 0.7192801660272466 0.8798504104915563 0.7288615783101506 0.8745807741846877 0.7395075919578218 0.8708167482512104 0.7437659974168905 0.8693111378778193 0.7458952001464244 0.8666763197243853 0.7501536056054932
3 0.7548847495001063 0.8310633093277942 0.7548847495001063 0.81402968749152 0.7556375546868018 0.8065774779381504 0.7631656065537564 0.7969960656552463 0.7684352428606246 0.7948668629257121 0.7737048791674934 0.7948668629257121 0.7789745154743616 0.7991252683847806 0.7789745154743616 0.811900484761986 0.7744576843541887 0.8225464984096571 0.7684352428606246 0.8268049038687256 0.7639184117404519 0.8310633093277942 0.7605307884003223 0.8310633093277942
3 0.7240197368455914 0.8289341065982598 0.7251489446256346 0.8150942888562873 0.7277837627790688 0.8055128765733833 0.7307949835258508 0.8055128765733833 0.7323005938992416 0.8087066806676847 0.7353118146460237 0.811900484761986 0.739075840579501 0.8097712820324519 0.7424634639196307 0.8076420793029176 0.7458510872597602 0.8087066806676847 0.7477331002264991 0.8193526943153558 0.7477331002264991 0.8310633093277942 0.7435926716996738 0.8385155188811639 0.7379466327994577 0.8363863161516298 0.7323005938992416 0.8363863161516298
3 0.7941439820681511 0.7957709284264993 0.7955127187712336 0.7860927342013438 0.7968814554743163 0.7783501788212193 0.8003032972320229 0.7696398040185792 0.803382954813959 0.7677041651735482 0.8092000858020605 0.7667363457510326 0.8129641117355381 0.7677041651735482 0.8163859534932446 0.7677041651735482 0.8211765319540342 0.7648007069060014 0.8263092945905942 0.7628650680609703 0.8280202154694476 0.7696398040185792 0.8204921636024927 0.7812536370887659 0.8119375592082259 0.7909318313139215 0.8054360598685829 0.7977065672715306 0.8006454814077937 0.8025456643841083 0.7961970871227748 0.8064169420741706
3 0.5700555094892813 0.8552708456736383 0.5680024044346572 0.8475282902935138 0.5703976936650519 0.8368822766458426 0.5748460879500706 0.8310753601107492 0.5775835613562361 0.8291397212657181 0.5823741398170256 0.8291397212657181 0.5851116132231909 0.8330109989557803 0.5871647182778149 0.8426891931809359 0.5871647182778149 0.8523673874060915 0.5830585081685669 0.8601099427862161 0.5779257455320067 0.8601099427862161
3 0.09933795627140218 0.7121588194645375 0.10307087455253679 0.6998411177234304 0.10898132849766659 0.6945621026915273 0.113336399825657 0.6919225951755759 0.11924685377078681 0.6919225951755759 0.12360192509877722 0.6919225951755759 0.12889022599705127 0.6945621026915273 0.13293422080161377 0.7007209535620809 0.13542283298903685 0.7077596402712849 0.13760036865303205 0.7174378344964406 0.13760036865303205 0.7306353720761983 0.13728929212960417 0.7385538946240529 0.13044560861419066 0.7403135663013539 0.11489178244279641 0.7332748795921498 0.10524841021653197 0.7227168495283436
3 0.9245252918107016 0.6820229535255813 0.9238409234591604 0.6684734816103635 0.924183107634931 0.6549240096951455 0.9265783968653256 0.6481492737375366 0.9300002386230324 0.647181454315021 0.9334220803807391 0.6481492737375366 0.9354751854353631 0.6568596485401766 0.9358173696111339 0.6665378427653323 0.9330798962049686 0.6791194952580346 0.9296580544472617 0.6829907729480967
3 0.939923579720382 0.6578274679626923 0.9375282904899871 0.6500849125825677 0.9375282904899871 0.6394388989348967 0.93889702719307 0.631696343554772 0.9412923164234647 0.6258894270196786 0.9436876056538596 0.631696343554772 0.9464250790600246 0.6365354406673499 0.9467672632357954 0.647181454315021 0.9457407107084833 0.6549240096951455 0.9436876056538596 0.6597631068077234
3 0.9572269780286656 0.6326641629772877 0.9565426096771241 0.6152434133720075 0.9592800830832896 0.6036295803018208 0.9616753723136844 0.6016939414567897 0.9650972140713912 0.6036295803018208 0.9671503191260151 0.6055652191468519 0.9688612400048686 0.5968548443442118 0.9709143450594925 0.5862088306965406 0.9736518184656578 0.5823375530064784 0.9784423969264475 0.5804019141614473 0.9825486070356955 0.5852410112740251 0.9839173437387783 0.5949192054991806 0.9804955019810716 0.6084686774143985 0.9763892918718232 0.6152434133720075 0.9722830817625754 0.6229859687521321 0.9685190558290979 0.6268572464421943 0.9654393982471617 0.6326641629772877 0.9623597406652258 0.638471079512381