3 0.6219180237467018 0.7882737910447761 0.6287497308707124 0.7872611380597014 0.638274364116095 0.7819789253731344 0.6446108680738787 0.7771692835820895 0.6500099722955145 0.7699183246268657 0.6507750936675462 0.7556134626865673 0.649797937994723 0.7493076417910448 0.6451904577836411 0.7448300708955224 0.638747937994723 0.7393343731343284 0.6332295633245383 0.7349918246268657 0.6305233852242744 0.7379732201492537 0.6260219221635883 0.7438009888059701 0.6229133047493404 0.7520025671641791 0.618451598944591 0.7616948395522388 0.6148875343007916 0.7699639253731344 0.6168418443271768 0.7825755597014926 0.6219180237467018 0.7882737910447761
3 0.25910556200527707 0.7519520373134329 0.26487806728232194 0.7487506977611941 0.2664860488126649 0.7438209589552239 0.2684598839050132 0.734145604477612 0.2679253667546174 0.7224963619402985 0.26659890633245387 0.7144830485074627 0.2640664591029024 0.7101670410447761 0.26034007387862795 0.710719395522388 0.2566136886543535 0.71127175 0.2542137625329815 0.7198374141791045 0.2539322414248021 0.7327804664179105 0.2544908535620053 0.7467718320895522 0.25910556200527707 0.7519520373134329
3 0.2308188918205805 0.7395375820895522 0.2386487981530343 0.7385644402985074 0.2427651319261214 0.7356085895522388 0.2451650567282322 0.727042921641791 0.24424059234828496 0.7177971753731344 0.24247599472295517 0.7075031156716418 0.2403937321899736 0.7066389179104478 0.2374954327176781 0.707068526119403 0.23336705145118733 0.7088533134328359 0.22923867018469657 0.7106381044776119 0.22766683113456465 0.719081026119403 0.2277752572559367 0.729620578358209 0.2308188918205805 0.7395375820895522
3 0.3153694313984169 0.7970434402985075 0.3278892862796834 0.8047836716417911 0.33082384168865436 0.7968851156716418 0.3314890303430079 0.7882567164179105 0.32984104089709765 0.7746400708955224 0.3282368601583113 0.7652818320895522 0.32591273218997363 0.7592289850746269 0.3228796068601583 0.7575461305970149 0.31951388786279683 0.760177473880597 0.3176647308707124 0.7636502462686567 0.315482981530343 0.7714372126865672 0.3132902783641161 0.7781595820895522 0.31224868865435357 0.7868437723880597 0.3153694313984169 0.7970434402985075
3 0.36331251187335095 0.8243898731343283 0.36834404353562006 0.8289311268656716 0.3761390606860158 0.8295380410447761 0.3832576147757256 0.8249581604477612 0.38377115039577836 0.8143079104477612 0.38336956068601585 0.8055556641791044 0.3823458166226913 0.7968956343283582 0.37890587203166226 0.7956431753731343 0.3748528258575198 0.7953627723880596 0.3698665501319261 0.7952207014925373 0.3660883746701847 0.7913748470149253 0.36297760949868074 0.791835947761194 0.3598939986807388 0.7949365559701493 0.35875830870712405 0.8056790298507462 0.35884882321899736 0.8144773880597015 0.36331251187335095 0.8243898731343283
3 0.4868782163588391 0.8218957201492537 0.4949086635883905 0.8221245298507462 0.5014215580474934 0.8211591343283582 0.5047681490765171 0.8050524813432836 0.5046661081794195 0.7951335895522388 0.5020445290237467 0.7841690186567164 0.49648988654353565 0.7807349365671642 0.49147996833773083 0.7814775447761194 0.48651378232189973 0.7864711082089553 0.4825933113456464 0.7955671044776119 0.48382853298153033 0.8180903320895523 0.4868782163588391 0.8218957201492537
3 0.7119300105540898 0.7490264402985074 0.7172884722955145 0.7458864738805969 0.7230850725593667 0.7450272537313433 0.728395345646438 0.7372030410447761 0.7278608284960423 0.7255537985074627 0.7240380633245382 0.7167376604477612 0.7198253496042216 0.7103250186567165 0.7156849221635885 0.7109387462686567 0.7115926833773086 0.7162367201492537 0.7083767189973615 0.7260961940298508 0.7077654868073878 0.7472980447761195 0.7119300105540898 0.7490264402985074
3 0.6804507058047494 0.7525197089552239 0.6932860343007915 0.7506171529850747 0.7011287546174143 0.7471089477611941 0.7022985976253299 0.7398984626865671 0.7021901715039577 0.7293589067164179 0.6995854406332453 0.7180165298507463 0.6949827796833774 0.7140073843283582 0.6883580936675462 0.7149893470149253 0.6846317071240106 0.7155417014925373 0.680989654353562 0.7242914850746268 0.6781756860158312 0.732918526119403 0.6762620883905014 0.7484491902985074 0.6804507058047494 0.7525197089552239
3 0.9147733364116095 0.5740831455223881 0.9155119525065963 0.5572019440298507 0.9126732532981531 0.5473016641791045 0.9071548786279683 0.5429591119402986 0.902600407651715 0.5436342126865672 0.9000134973614776 0.5582091156716418 0.8979085408970977 0.5752928470149253 0.9021268337730871 0.5862787649253731 0.9147733364116095 0.5740831455223881
3 0.8743936029023747 0.6216879328358209 0.8769846121372031 0.617038973880597 0.8784683179419525 0.6146865970149253 0.8821885356200527 0.6098702574626866 0.8873486490765171 0.5984431343283582 0.8891320923482849 0.5885827574626866 0.8864096569920844 0.5804565 0.8807526662269128 0.5802287985074627 0.8766122374670184 0.580842526119403 0.8743757255936675 0.5833064888059702 0.872559426121372 0.5899730634328358 0.8715178364116094 0.5986572537313433 0.8693579907651715 0.6085734291044776 0.8694784643799471 0.6202840447761193 0.8743936029023747 0.6216879328358209
3 0.769080437994723 0.7183313731343284 0.7724680620052771 0.7178292313432836 0.7769410844327177 0.7129013059701492 0.782919716358839 0.7077502052238805 0.7873270263852243 0.6964346716417911 0.787195598944591 0.6836594552238806 0.7818821543535619 0.6801821567164179 0.776612518469657 0.6809632649253731 0.7713647862796834 0.6838735746268657 0.7639353047493403 0.694570854477612 0.7632591649076517 0.7021346529850746 0.7634343997361477 0.7191682723880597 0.769080437994723 0.7183313731343284
3 0.7409050052770448 0.7278388843283582 0.74655104353562 0.7270019813432836 0.7522189868073879 0.7282942835820896 0.7562827506596307 0.7202283470149253 0.7561622757255937 0.7085177313432837 0.7541707414248021 0.6981506865671642 0.7507721649076516 0.697588223880597 0.7474064472295514 0.7002195671641791 0.7436643245382585 0.7029067052238805 0.7406202480211082 0.7001592499999999 0.7390817810026384 0.6971886194029852 0.7360705593667546 0.6976349664179105 0.7335343113456464 0.7076069291044776 0.7325474828496042 0.7216141305970148 0.7409050052770448 0.7278388843283582
3 0.8044931846965699 0.6883982611940299 0.808901753298153 0.6838676082089552 0.8136425488126648 0.6783184141791044 0.820074352242744 0.670579973880597 0.8285293918205804 0.6596337462686568 0.8359379643799473 0.6469040447761194 0.8341573482849605 0.6403829179104478 0.8290444986807388 0.6430793731343284 0.824283790237467 0.6466929291044776 0.8208619485488127 0.6472001417910448 0.8170879656992084 0.6467902574626866 0.8112807915567282 0.6486203395522389 0.8082210461741426 0.6510124701492537 0.8048888139841689 0.6602300559701493 0.8035997295514512 0.6681754962686567 0.8023305580474934 0.6780565746268657 0.8044931846965699 0.6883982611940299
3 0.5867742163588391 0.7744451828358209 0.5919069788918205 0.7736843619402985 0.5959335356200528 0.7653331529850746 0.5958339709762533 0.7556549589552238 0.5936813007915567 0.7462810895522388 0.590904 0.7428155820895522 0.5861134221635884 0.7435256791044776 0.5833958614775726 0.7458670895522388 0.5790072071240105 0.7523333843283583 0.5767214393139842 0.7633344440298507 0.5788541965699209 0.770772671641791 0.5867742163588391 0.7744451828358209
3 0.11268343535620054 0.7071160895522388 0.1224354234828496 0.7162447052238806 0.13806166094986808 0.7209778768656716 0.1448872414248021 0.7182037798507462 0.1451168562005277 0.7102391492537313 0.14498108443271768 0.6970416119402986 0.14270398416886543 0.6876861865671642 0.1401429604221636 0.6810163843283582 0.13603560554089708 0.6754569664179104 0.13072015039577836 0.6736013320895523 0.12636507915567283 0.6742468768656716 0.12045462532981531 0.6751229701492537 0.11612670844327178 0.6784080223880598 0.11027056200527705 0.6845631305970149 0.10666436411609499 0.6974341567164178 0.11268343535620054 0.7071160895522388
3 0.9366843931398416 0.5451894440298507 0.9400664089709763 0.5408109552238806 0.9426744472295515 0.5278235298507462 0.9422326965699209 0.5181960597014925 0.9400899828496042 0.5097900111940299 0.9366581846965699 0.5093294029850747 0.9332462994722955 0.5108044365671642 0.9309207058047493 0.5179342201492538 0.9307179142480212 0.5315344141791045 0.9315416741424802 0.5449824440298507 0.9366843931398416 0.5451894440298507
3 0.950474986807388 0.5198822052238806 0.952478308707124 0.5147387798507463 0.9534252097625331 0.5068440634328357 0.9529735039577837 0.49624876865671647 0.9501862467018469 0.4918154440298507 0.9477312189973615 0.4863635746268657 0.9453956688654354 0.49252554104477614 0.9441065844327177 0.5004709813432836 0.9442161068601583 0.5111169962686567 0.9466910474934037 0.5185045 0.950474986807388 0.5198822052238806
3 0.9689280778364117 0.495822447761194 0.9719479960422164 0.4895590373134328 0.9749679142480211 0.48329563059701486 0.9786921147757256 0.4788664179104477 0.982718672823219 0.4705152089552239 0.9867551860158311 0.4631318171641791 0.9900376372031663 0.4490751305970149 0.9885693350923482 0.4395998246268657 0.9844133416886542 0.4353693805970149 0.9796426767810027 0.4380151194029851 0.9769450290237467 0.4422921641791045 0.9750014459102903 0.4532425074626866 0.9733801345646438 0.46220648880597015 0.9713071160949869 0.4605751753731343 0.9678653614775725 0.45914675 0.9654899854881267 0.4614374365671642 0.9628719894459103 0.47345704104477615 0.9637355765171504 0.4907763470149254 0.9689280778364117 0.495822447761194