3 0.6146823126649077 0.7882737910447761 0.6215140197889182 0.7872611380597014 0.6310704604221635 0.7819789253731344 0.63743877176781 0.7771692835820895 0.6428908891820581 0.7699183246268657 0.643772635883905 0.7556134626865673 0.6428484934036939 0.7493076417910448 0.6382834234828496 0.7448300708955224 0.6318939142480211 0.7393343731343284 0.6264179498680739 0.7349918246268657 0.6236905672823219 0.7379732201492537 0.6191466939313984 0.7438009888059701 0.615974463060686 0.7520025671641791 0.6114385395778364 0.7616948395522388 0.6078108601583114 0.7699639253731344 0.6096591464379947 0.7825755597014926 0.6146823126649077 0.7882737910447761
3 0.252610308707124 0.7519520373134329 0.25840209102902373 0.7487506977611941 0.2600486266490765 0.7438209589552239 0.2620995699208443 0.734145604477612 0.26166143931398417 0.7224963619402985 0.26040244854881267 0.7144830485074627 0.2579085567282322 0.7101670410447761 0.2541821715039578 0.710719395522388 0.25045578496042215 0.71127175 0.24798839050131927 0.7198374141791045 0.2476008443271768 0.7327804664179105 0.24804379287598943 0.7467718320895522 0.252610308707124 0.7519520373134329
3 0.22446012005277044 0.7395375820895522 0.23228848548812664 0.7385644402985074 0.2364240963060686 0.7356085895522388 0.2388914907651715 0.727042921641791 0.2380441345646438 0.7177971753731344 0.23636628364116094 0.7075031156716418 0.23429366094986806 0.7066389179104478 0.23139536147757256 0.707068526119403 0.22725734168865436 0.7088533134328359 0.22311932189973616 0.7106381044776119 0.2214800118733509 0.719081026119403 0.22150169129287597 0.729620578358209 0.22446012005277044 0.7395375820895522
3 0.308435073878628 0.7970434402985075 0.32087606860158313 0.8047836716417911 0.3238719604221636 0.7968851156716418 0.32460724670184693 0.7882567164179105 0.32307316754617416 0.7746400708955224 0.3215478482849604 0.7652818320895522 0.31927629419525067 0.7592289850746269 0.31626069393139844 0.7575461305970149 0.31287744986807386 0.760177473880597 0.31100200659630606 0.7636502462686567 0.30875891952506596 0.7714372126865672 0.3065136437994723 0.7781595820895522 0.30540195514511875 0.7868437723880597 0.308435073878628 0.7970434402985075
3 0.35609501583113456 0.8243898731343283 0.361083098944591 0.8289311268656716 0.36886363192612137 0.8295380410447761 0.3760111530343008 0.8249581604477612 0.37661158839050135 0.8143079104477612 0.37628241292875986 0.8055556641791044 0.37533108575197893 0.7968956343283582 0.3719056253298153 0.7956431753731343 0.3678598205804749 0.7953627723880596 0.36288078627968334 0.7952207014925373 0.3591388192612137 0.7913748470149253 0.3560280540897097 0.791835947761194 0.3529227176781003 0.7949365559701493 0.351700129287599 0.8056790298507462 0.35171822691292876 0.8144773880597015 0.35609501583113456 0.8243898731343283
3 0.4795306965699208 0.8218957201492537 0.4875494802110818 0.8221245298507462 0.4940623746701847 0.8211591343283582 0.49753725593667547 0.8050524813432836 0.49751685356200526 0.7951335895522388 0.4949885765171504 0.7841690186567164 0.4894689221635884 0.7807349365671642 0.48445900395778363 0.7814775447761194 0.47945782849604224 0.7864711082089553 0.47546738258575194 0.7955671044776119 0.47651600131926125 0.8180903320895523 0.4795306965699208 0.8218957201492537
3 0.7049071899736148 0.7490264402985074 0.7102849300791557 0.7458864738805969 0.7160815290237468 0.7450272537313433 0.7214496332453826 0.7372030410447761 0.7210115026385223 0.7255537985074627 0.7172658456464379 0.7167376604477612 0.7131109643799471 0.7103250186567165 0.7089705356200529 0.7109387462686567 0.7048397427440632 0.7162367201492537 0.7015466701846966 0.7260961940298508 0.700761944591029 0.7472980447761195 0.7049071899736148 0.7490264402985074
3 0.6734375250659631 0.7525197089552239 0.6862728535620053 0.7506171529850747 0.6941348496042217 0.7471089477611941 0.6953625250659631 0.7398984626865671 0.6953408456464379 0.7293589067164179 0.6928325000000001 0.7180165298507463 0.6882683931398417 0.7140073843283582 0.6816437084432717 0.7149893470149253 0.6779173218997361 0.7155417014925373 0.6742077981530343 0.7242914850746268 0.6713263601583114 0.732918526119403 0.6692874604221636 0.7484491902985074 0.6734375250659631 0.7525197089552239
3 0.9089411253298152 0.5740831455223881 0.9098175725593667 0.5572019440298507 0.9070636926121372 0.5473016641791045 0.90158772823219 0.5429591119402986 0.8970332559366754 0.5436342126865672 0.8943297203166227 0.5582091156716418 0.8920869313984169 0.5752928470149253 0.896209802110818 0.5862787649253731 0.9089411253298152 0.5740831455223881
3 0.8682193588390501 0.6216879328358209 0.8708454168865435 0.617038973880597 0.8723466477572559 0.6146865970149253 0.8761019142480211 0.6098702574626866 0.8813496517150395 0.5984431343283582 0.8832119564643799 0.5885827574626866 0.8805596200527704 0.5804565 0.8749113905013192 0.5802287985074627 0.8707709617414249 0.580842526119403 0.868516926121372 0.5833064888059702 0.8666480527704485 0.5899730634328358 0.8655363641160949 0.5986572537313433 0.8632976569920845 0.6085734291044776 0.8633217453825858 0.6202840447761193 0.8682193588390501 0.6216879328358209
3 0.7622402559366754 0.7183313731343284 0.7656278786279682 0.7178292313432836 0.7701359498680739 0.7129013059701492 0.7761496319261214 0.7077502052238805 0.7806445646437994 0.6964346716417911 0.7806182875989446 0.6836594552238806 0.7753398918205805 0.6801821567164179 0.7700702546174143 0.6809632649253731 0.7648049986807387 0.6838735746268657 0.7572966556728231 0.694570854477612 0.7565591794195251 0.7021346529850746 0.7565942163588391 0.7191682723880597 0.7622402559366754 0.7183313731343284
3 0.7340210105540897 0.7278388843283582 0.739667048812665 0.7270019813432836 0.7453174670184697 0.7282942835820896 0.7494425672823218 0.7202283470149253 0.7494184788918206 0.7085177313432837 0.7475145672823219 0.6981506865671642 0.7441247546174142 0.697588223880597 0.7407415105540898 0.7002195671641791 0.736981864116095 0.7029067052238805 0.733964073878628 0.7001592499999999 0.7324518944591029 0.6971886194029852 0.729440672823219 0.6976349664179105 0.7268255633245382 0.7076069291044776 0.7257248245382586 0.7216141305970148 0.7340210105540897 0.7278388843283582
3 0.7978558575197888 0.6883982611940299 0.8022962889182058 0.6838676082089552 0.8070769129287599 0.6783184141791044 0.8135644775725593 0.670579973880597 0.8220991741424801 0.6596337462686568 0.8296033364116095 0.6469040447761194 0.8278784802110818 0.6403829179104478 0.8227496992084433 0.6430793731343284 0.8179650923482851 0.6466929291044776 0.8145432506596305 0.6472001417910448 0.8107772348284961 0.6467902574626866 0.8049620936675461 0.6486203395522389 0.8018864182058049 0.6510124701492537 0.7984824934036939 0.6602300559701493 0.7971296833773087 0.6681754962686567 0.7957808535620053 0.6780565746268657 0.7978558575197888 0.6883982611940299
3 0.5796949604221635 0.7744451828358209 0.5848277229551452 0.7736843619402985 0.5889180065963061 0.7653331529850746 0.588898098944591 0.7556549589552238 0.5868250870712401 0.7462810895522388 0.5840796503957784 0.7428155820895522 0.5792890712401055 0.7435256791044776 0.5765555791556728 0.7458670895522388 0.5721191306068601 0.7523333843283583 0.5697457387862797 0.7633344440298507 0.5718147704485488 0.770772671641791 0.5796949604221635 0.7744451828358209
3 0.10673501187335092 0.7071160895522388 0.11640010158311347 0.7162447052238806 0.13196840633245382 0.7209778768656716 0.1388084709762533 0.7182037798507462 0.1391032585751979 0.7102391492537313 0.13907611213720317 0.6970416119402986 0.13687866886543534 0.6876861865671642 0.13437557783641163 0.6810163843283582 0.13031891556728234 0.6754569664179104 0.12502518469656992 0.6736013320895523 0.12067011345646438 0.6742468768656716 0.11475965963060686 0.6751229701492537 0.11041001715039578 0.6784080223880598 0.1045104221635884 0.6845631305970149 0.10080284036939313 0.6974341567164178 0.10673501187335092 0.7071160895522388
3 0.9310629419525066 0.5451894440298507 0.934476820580475 0.5408109552238806 0.9371884142480211 0.5278235298507462 0.9368263218997362 0.5181960597014925 0.9347552994722955 0.5097900111940299 0.9313314670184697 0.5093294029850747 0.9279116160949867 0.5108044365671642 0.9255302625329814 0.5179342201492538 0.9252159485488126 0.5315344141791045 0.9259281886543536 0.5449824440298507 0.9310629419525066 0.5451894440298507
3 0.9450447137203166 0.5198822052238806 0.9470878654353562 0.5147387798507463 0.9480984920844326 0.5068440634328357 0.9477344089709763 0.49624876865671647 0.944986981530343 0.4918154440298507 0.9425797480211082 0.4863635746268657 0.9401964036939313 0.49252554104477614 0.9388435936675462 0.5004709813432836 0.9388654920844327 0.5111169962686567 0.9412767071240106 0.5185045 0.9450447137203166 0.5198822052238806
3 0.9636730527704485 0.495822447761194 0.966740765171504 0.4895590373134328 0.9698084788918205 0.48329563059701486 0.9735645408970975 0.4788664179104477 0.9776548245382586 0.4705152089552239 0.9817471002638523 0.4631318171641791 0.9851410712401055 0.4490751305970149 0.983752426121372 0.4395998246268657 0.9796362625329815 0.4353693805970149 0.9748496662269129 0.4380151194029851 0.9721201556728232 0.4422921641791045 0.9700889485488126 0.4532425074626866 0.9683959445910291 0.46220648880597015 0.966338857519789 0.4605751753731343 0.9629130343007914 0.45914675 0.9605217269129288 0.4614374365671642 0.9578081424802111 0.47345704104477615 0.958528345646438 0.4907763470149254 0.9636730527704485 0.495822447761194