3 0.5508349762532981 0.685664964028777 0.5541509577836412 0.6851911223021583 0.5586911398416886 0.6800188848920864 0.5673618284960422 0.6708638129496403 0.5752131675461741 0.6640875575539569 0.579714765171504 0.6498739028776978 0.5796375949868073 0.6317910683453237 0.5791652203166227 0.6182881726618704 0.5778397335092348 0.5992528525179857 0.575294870712401 0.5860461079136691 0.5744031754617415 0.5714722697841726 0.5685375079155673 0.5576091870503597 0.5627007783641161 0.5505271690647482 0.5531962704485488 0.5586705215827338 0.5466125395778364 0.5709199748201439 0.5429592308707124 0.5895358776978418 0.5397541807387862 0.6160037913669065 0.5398940514511873 0.6487789244604317 0.5425160844327177 0.6800685035971223 0.5508349762532981 0.685664964028777
3 0.5235601240105541 0.7087871582733813 0.5289341240105541 0.7046266366906474 0.5342888324538259 0.6959454064748202 0.5367324102902374 0.6854184316546763 0.5358455369393139 0.6719747661870504 0.5324620329815304 0.6566261294964029 0.5282495316622691 0.6413959496402878 0.5220513601583113 0.6468051115107915 0.519207753298153 0.660781845323741 0.5172124353562005 0.6791608273381295 0.5152508786279684 0.7054510503597122 0.5235601240105541 0.7087871582733813
3 0.48633732849604216 0.7333308741007194 0.490477481530343 0.7316083956834533 0.4950080171503958 0.7241758021582734 0.49748535751978895 0.7215600683453237 0.5048884379947229 0.7069318021582733 0.5056499089709763 0.6909908633093526 0.5051389485488127 0.6684465539568346 0.5034037889182058 0.6506006402877698 0.4991816424802111 0.6331101079136691 0.49377387994722954 0.6293593920863308 0.48966266490765176 0.6378629316546762 0.48598524142480215 0.6508279496402878 0.4811077308707124 0.6741422517985611 0.4778930356200528 0.698349809352518 0.4792763984168866 0.7309472553956835 0.48633732849604216 0.7333308741007194
3 0.44210183377308704 0.7667927410071943 0.44912417810026384 0.7601349460431654 0.4577900448548813 0.7498496978417266 0.4651690092348285 0.7295705467625899 0.4616697493403694 0.6870976582733813 0.45743795646437996 0.667346773381295 0.44655490897097627 0.6440228597122302 0.44117126253298156 0.6459230251798561 0.43748901583113453 0.6577578669064748 0.4350743759894459 0.6750659028776979 0.431869327176781 0.7015338165467626 0.4311512625329815 0.7276463489208633 0.4333732678100264 0.7623856870503597 0.44210183377308704 0.7667927410071943
3 0.4115302928759894 0.7949094856115108 0.4181284934036939 0.7860505647482015 0.42057207124010554 0.7755235899280576 0.42298188786279683 0.7570853776978417 0.4212708430079156 0.7448903489208634 0.41623899340369397 0.7320389856115107 0.4091635949868074 0.7262648345323741 0.40381853298153036 0.7372064172661871 0.400594191292876 0.7591536223021582 0.40157752638522426 0.7952008309352518 0.4115302928759894 0.7949094856115108
3 0.39250680870712396 0.8078056618705036 0.39621799604221636 0.802751881294964 0.3990712480211082 0.7910355 0.39901337071240106 0.7774733776978417 0.39730714907651715 0.766408525179856 0.3918608021108179 0.7536163920863309 0.3864819788918206 0.7566467374100719 0.38239487994722954 0.7708011618705036 0.3812140870712401 0.785671154676259 0.3838071820580475 0.8101796690647483 0.39250680870712396 0.8078056618705036
3 0.36194009102902375 0.8370525827338129 0.36648027308707126 0.8318803417266186 0.3726495065963061 0.8196901223021582 0.372591629287599 0.8061279964028777 0.37088058443271765 0.7939329676258993 0.3638051860158312 0.7881588165467626 0.35882639050131926 0.7877394028776978 0.3551344960422164 0.7973138884892086 0.3519198007915567 0.8215214460431655 0.3519921477572559 0.8384741043165468 0.36194009102902375 0.8370525827338129
3 0.08139140237467019 0.8742380935251798 0.08543984036939314 0.8736595863309352 0.09228017018469657 0.8701332194244604 0.09567678100263852 0.8628507661870504 0.09092578627968338 0.8448376618705036 0.08932883509234829 0.8357198561151079 0.08496898021108179 0.8363428633093526 0.08155425065963061 0.8393797230215828 0.07971110686015831 0.8455905575539568 0.07664040897097625 0.8562249856115107 0.07607192744063325 0.8690507697841726 0.08139140237467019 0.8742380935251798
3 0.617509124010554 0.6218681402877698 0.6209274762532981 0.6196803956834532 0.6249469248021108 0.6123089424460432 0.6258413179419525 0.6028351330935252 0.6245630329815303 0.5953710683453237 0.6220354498680739 0.5872358812949641 0.6185953548812665 0.5843289136690647 0.61549204353562 0.587321273381295 0.612091808707124 0.5937546079136691 0.610596320580475 0.6084121294964029 0.6131420211081795 0.6207929064748202 0.617509124010554 0.6218681402877698
3 0.6786483403693931 0.5638526654676258 0.6817552744063324 0.5617094244604317 0.6854705514511873 0.5560807086330936 0.6885412493403694 0.5454462769784172 0.6878749287598944 0.5353458561151079 0.6841234155672824 0.5324833848920864 0.6797418179419524 0.5280116762589928 0.6775256543535619 0.5198319928057554 0.6756897572559366 0.5277410647482015 0.6754290712401055 0.539673226618705 0.674234129287599 0.5517388920863309 0.6742812374670185 0.5627774352517986 0.6786483403693931 0.5638526654676258
3 0.6947623667546173 0.5428580323741007 0.6984703957783641 0.5355310755395682 0.702192919525066 0.5316005971223021 0.7027867664907651 0.5247186474820144 0.699020758575198 0.5184597014388489 0.6930893179419525 0.5159087338129497 0.6912715395778365 0.5280633992805756 0.6913186477572559 0.5391019424460431 0.6947623667546173 0.5428580323741007
0 0.39525888654353564 0.6272034100719425 0.3921265870712401 0.6234028201438849 0.3902182163588391 0.6143295179856115 0.388302598944591 0.6035579784172662 0.38547446965699206 0.5980146474820144 0.37959375989445915 0.607351345323741 0.37653755672823214 0.621382248201439 0.3765882889182058 0.6332699100719424 0.37849665831134566 0.6423432158273381 0.3891319854881266 0.6518687446043165 0.3928653812664908 0.6504856223021582 0.3962764868073878 0.6465996402877698 0.3965407968337731 0.6355165971223021 0.39525888654353564 0.6272034100719425
0 0.41193052374670186 0.5908356366906475 0.4118942875989446 0.5823444496402879 0.41340789445910286 0.5719325215827338 0.41181818997361475 0.5645129568345324 0.4083744709762533 0.5607568669064749 0.4049271279683377 0.5561516582733813 0.4011538733509235 0.5481944784172662 0.39962577176781006 0.555209928057554 0.3993433430079155 0.562047381294964 0.39782611213720315 0.5716101870503597 0.3969208469656992 0.5785366402877699 0.3954036160949868 0.5880994496402878 0.39576576649076517 0.5999426115107913 0.3992239788918206 0.6070951726618705 0.4020593562005277 0.614336737410072 0.40704204749340367 0.6136247338129496 0.41076457255936677 0.6096942517985612 0.412614963060686 0.605181654676259 0.41193052374670186 0.5908356366906475
0 0.4303537203166227 0.4440304424460431 0.43031023614775726 0.4338410143884892 0.4302739986807388 0.4253498273381295 0.426131345646438 0.40385124820143886 0.424538018469657 0.39558256115107915 0.42231460686015826 0.3857046402877698 0.41890350131926124 0.389590618705036 0.41867180343007915 0.40831573021582734 0.4187370303430079 0.4235998705035971 0.4187986319261214 0.43803488848920863 0.4204137018469657 0.45139828417266187 0.42356774538258574 0.46029358633093526 0.42792035224274405 0.457972345323741 0.4303537203166227 0.4440304424460431
0 0.49872001846965697 0.4386963705035971 0.49864298284960423 0.4206451834532374 0.497462555408971 0.40275166546762586 0.49739194063324543 0.38620474460431653 0.49510170052770447 0.36696463309352517 0.49336957651715035 0.3491499496402878 0.4921891490765172 0.3312564316546762 0.48937289050131927 0.3181122158273382 0.48656305277044853 0.30647226618705037 0.48052006992084434 0.31335651798561154 0.4750223654353562 0.3186576654676259 0.4723152401055409 0.33108596762589926 0.471282463060686 0.34779056115107915 0.472507827176781 0.37621393884892085 0.474252790237467 0.3970371510791367 0.47544605672823215 0.41793920143884894 0.47606836807387864 0.43440728776978416 0.4767163588390501 0.45689243884892083 0.47791604485488126 0.4792987517985612 0.48132251715039576 0.5013897266187051 0.4858002836411609 0.515801701438849 0.4935368720316623 0.5177065395683453 0.4984572018469657 0.5064671618705036 0.5000673535620053 0.4957007949640288 0.5011193905013193 0.483509 0.49993254353562006 0.46411121942446043 0.49872001846965697 0.4386963705035971
0 0.5227267440633245 0.4734978561151079 0.5237531015831134 0.4552889964028777 0.525882852242744 0.43692246762589926 0.5268899511873351 0.4142008129496403 0.5267743997361477 0.3871240323741007 0.526697364116095 0.3690728417266187 0.5266010712401056 0.3465088597122302 0.5265240356200528 0.3284576690647482 0.5264470013192613 0.3104064820143885 0.5263699670184696 0.2923552949640288 0.5251766992084432 0.2714532446043165 0.5256256833773086 0.24730615827338132 0.522783746701847 0.22814488129496402 0.5199610686015831 0.21349640287769783 0.5155218192612137 0.2081100215827338 0.511659944591029 0.2086618669064748 0.5078109102902374 0.21222224460431655 0.5045713469656992 0.2292421798561151 0.5035514089709762 0.24895530215827338 0.5014280778364116 0.26882609712230215 0.5020760672823219 0.29131124820143883 0.5027176372031663 0.3122921294964029 0.5044561807387863 0.3316110791366907 0.5039943588390501 0.3527496330935252 0.5012936530343008 0.36668220143884894 0.5014027849604221 0.3922547158273382 0.5025960527704485 0.41315676618705033 0.5043089168865436 0.42645865107913666 0.5071315949868074 0.44110713309352517 0.5071893707124011 0.4546455215827338 0.5072664063324538 0.4726967086330935 0.5098778205804749 0.4899122589928057 0.5122556675461741 0.4985092985611511 0.5150824023746702 0.5025737805755396 0.5185838311345646 0.5001584064748201 0.5204801200527704 0.49278389208633094 0.5227267440633245 0.4734978561151079
0 0.553897395778364 0.4043208237410072 0.5554947084432718 0.390545928057554 0.5554433522427441 0.3785118021582734 0.5542950224274406 0.36813961151079133 0.5558987546174142 0.3558689820143885 0.5574768100263853 0.3375812877697842 0.5573997744063325 0.31953010071942445 0.5617812480211082 0.31137808992805754 0.562807605540897 0.2931692338129496 0.5627241517150396 0.27361377697841727 0.5599078931398417 0.26046956474820143 0.557059536939314 0.23980402158273384 0.5531976622691293 0.24035586690647484 0.5482388153034301 0.2425696510791367 0.5415863601583114 0.23599434532374097 0.5382376649076517 0.22744176258992807 0.534401468337731 0.23401066906474818 0.5350301992084433 0.25198302158273383 0.5351072348284961 0.27003421223021584 0.5351971081794196 0.2910939316546763 0.5353062414248021 0.31666644604316546 0.5353961147757256 0.3377261654676259 0.5333369802110818 0.372639618705036 0.5334653707124011 0.40272493165467627 0.5330484854881267 0.43439334532374096 0.5342417519788918 0.45529539208633096 0.5381678232189974 0.4697862050359712 0.544807437994723 0.4733529784172662 0.5503244010554089 0.47256462589928055 0.5524862506596306 0.4617194244604317 0.5535318667546174 0.4480233633093525 0.5528967163588391 0.4285467446043165 0.553897395778364 0.4043208237410072
0 0.5880833126649077 0.3949202446043166 0.5874738403693931 0.3814606870503597 0.585735296833773 0.36214174100719426 0.58346431530343 0.34741442446043164 0.5850487889182058 0.33063099640287774 0.5827585488126649 0.31139088489208633 0.5777740237467018 0.30758760431654675 0.572885790237467 0.32634830935251796 0.5685492546174142 0.34503017625899285 0.5681259498680739 0.3751943273381295 0.5709614656992085 0.3928513381294964 0.5716287150395778 0.4198492841726619 0.5717185883905013 0.4409090035971223 0.5761835158311346 0.4523124496402878 0.5828038733509234 0.4513664244604317 0.5904505870712401 0.4322115431654676 0.5880833126649077 0.3949202446043166
0 0.442996463060686 0.37721581654676256 0.4429734023746702 0.3718123345323741 0.4418047361477573 0.36348296762589927 0.44090929419525066 0.3527973633093525 0.4385983153034301 0.34231403956834533 0.4346315158311346 0.3421084820143885 0.4318333839050132 0.3502322913669065 0.43249183773087074 0.37176531294964027 0.4331535857519789 0.39407026258992806 0.43462512532981534 0.4069907302158273 0.43468771635883907 0.4216573273381295 0.43614607915567283 0.43149009352517986 0.4398067110817942 0.4263326223021583 0.44316117546174144 0.4158121223021583 0.4434080461741425 0.4072804820143885 0.4430294050131926 0.3849350791366906 0.442996463060686 0.37721581654676256
0 0.46373578232189977 0.39124498201438845 0.4636797796833773 0.37812223741007195 0.4639167678100264 0.3672748165467626 0.4638706477572559 0.3564678489208633 0.46113161477572556 0.31206023021582735 0.45940002638522426 0.3045836978417266 0.4568520593667546 0.3049477913669065 0.4526318007915567 0.3117300251798561 0.4498534340369393 0.324485392086331 0.44965927176781 0.34536785251798563 0.4494980514511873 0.37396957553956833 0.4501433284960422 0.39241489208633096 0.45111783245382586 0.4216267194244604 0.4543011952506596 0.4373921654676259 0.4604999102902375 0.4295548201438849 0.46385766886543534 0.41980624820143886 0.46294246174142484 0.4044890899280576 0.46373578232189977 0.39124498201438845
0 0.448647709762533 0.46725509352517985 0.4486213562005277 0.4610796834532374 0.4485884142480211 0.45336042086330935 0.44798925593667543 0.44572207194244606 0.44487507387862796 0.44616707553956836 0.4415041385224275 0.45282794244604313 0.44383488390501324 0.46794282733812953 0.44698859630606863 0.4767609352517985 0.448647709762533 0.46725509352517985
0 0.38111803166226915 0.5345099172661871 0.3829670343007916 0.5260212194244605 0.38404925197889184 0.5145579136690648 0.3836242044854881 0.5033099892086331 0.3802197058047494 0.5007122985611511 0.37647785356200525 0.5074153561151079 0.37388837203166225 0.5190940431654676 0.37282369393139847 0.5346670863309353 0.37589522295514516 0.5475929604316546 0.38111803166226915 0.5345099172661871
0 0.3695814274406332 0.5700844424460432 0.36916514907651715 0.5608913848920863 0.36911253430079155 0.5485621798561151 0.3671933759894459 0.5406119352517986 0.3637669551451187 0.5328770755395683 0.36114678100263853 0.5373637302158273 0.36155867414248016 0.5455293561151079 0.36349537071240107 0.5575893309352519 0.3643103878627968 0.5718657122302159 0.36739068601583114 0.5868464532374101 0.3695814274406332 0.5700844424460432
0 0.34231811081794195 0.6255190791366907 0.3433462453825858 0.6191373920863309 0.34330942612137205 0.6105098956834533 0.34328692612137207 0.605237535971223 0.34219538258575194 0.5967607553956834 0.34076453693931397 0.5912100431654677 0.3389984802110818 0.5895440143884892 0.3365497295514512 0.5927715179856115 0.3369544868073878 0.6051832194244604 0.3380562572559367 0.6160565287769784 0.3391580277044855 0.6269298381294964 0.34231811081794195 0.6255190791366907
0 0.3521335725593667 0.6174021187050359 0.3549236715039578 0.6117278525179856 0.3548929894459103 0.6045382697841727 0.3548643535620053 0.5978279964028776 0.3542940356200528 0.5878379388489209 0.35201084432717683 0.5886437949640289 0.3504696662269129 0.5984559784172663 0.35105021108179424 0.6108425611510792 0.3521335725593667 0.6174021187050359
0 0.35907302506596306 0.5948286043165467 0.3609432770448549 0.5796938237410072 0.36073885356200525 0.5730086690647482 0.36033000527704484 0.5596383561151079 0.35889097757255933 0.5521704244604316 0.35694913456464383 0.5505295143884892 0.354684352242744 0.555649118705036 0.35471503430079154 0.5628387014388488 0.35529557783641164 0.5752252841726619 0.3560253192612137 0.5813557769784172 0.3569390303430079 0.5893783705035971 0.35907302506596306 0.5948286043165467
0 0.4103606715039578 0.4134935035971223 0.4100093931398417 0.40419769784172666 0.40933944854881266 0.393248154676259 0.40498684036939314 0.39556939568345323 0.40189077704485493 0.4002599964028777 0.40101087730870716 0.41313027697841725 0.40138389841688654 0.4275207949640288 0.40269842084432717 0.44347605035971227 0.40306781794195246 0.45701744964028773 0.4071162546174142 0.4564389460431655 0.40957136411609496 0.4475917517985612 0.4107554340369393 0.43297873381294966 0.4110233680738787 0.42274480935251796 0.4103606715039578 0.4134935035971223