3 0.5392849738193257 0.7571301852307869 0.5367979878941865 0.725485227631773 0.5367979878941865 0.6927100929756514 0.5401139691277055 0.6667160206621758 0.5438444480154143 0.6486331877484536 0.5504764104824523 0.6373314171773772 0.5600098565288194 0.6305503548347313 0.5658128236874775 0.6384615942344849 0.5716157908461358 0.6531538959768841 0.5724447861545156 0.6678461977192837 0.5749317720796547 0.6814083224045749 0.5761752650422244 0.7006213323754049 0.5765897626964143 0.7141834570606966 0.5765897626964143 0.7322662899744189 0.5720302885003257 0.7458284146597106 0.564154833070718 0.7514792999452485 0.5554503823327308 0.7593905393450022 0.5508909081366422 0.7639112475734327 0.5475749269031233 0.7639112475734327
3 0.5119281286427942 0.778603549315832 0.5140006169137435 0.7526094770023564 0.516073105184693 0.734526644088634 0.5189745887640219 0.7209645194033424 0.52519205357687 0.716443811174912 0.5293370301187689 0.7322662899744189 0.5326530113522877 0.7480887687739258 0.5334820066606675 0.7616508934592174 0.5309950207355283 0.7718224869731861 0.5256065512310599 0.7797337263729396 0.5202180817265916 0.7831242575442626
3 0.4758668327282753 0.7989467363437693 0.47462333976570564 0.766171601687648 0.47793932099922465 0.7424378834883876 0.4829132928495031 0.7198343423462348 0.4866437717372119 0.7074023947180507 0.4907887482791107 0.6994911553182973 0.4961772177835791 0.7040118635467278 0.5003221943254778 0.72209469646045 0.5019801849422372 0.7401775293741722 0.5023946825964271 0.762781070516325 0.5015656872880473 0.7786035493158319 0.4941047295126297 0.7921656740011236 0.49161774358749044 0.7944260281153389 0.4870582693914018 0.8012070904579847 0.4829132928495031 0.8023372675150923
3 0.4298575931131994 0.8238106316001376 0.4277851048422501 0.7887751428298005 0.42861410015062984 0.762781070516325 0.43193008138414885 0.7367869982028493 0.434417067309288 0.7198343423462348 0.4381475461969969 0.7085325717751584 0.4435360157014652 0.7074023947180508 0.4543129547104019 0.7322662899744189 0.4584579312523006 0.7526094770023564 0.4617739124858196 0.7955562051724465 0.4543129547104019 0.8147692151432764 0.4456085039724145 0.8238106316001376 0.43856204385118674 0.8294615168856755
3 0.39794127374057925 0.8520650580278284 0.39711227843219954 0.8158993922003839 0.40042825966571854 0.7944260281153389 0.4058167291701868 0.7842544346013702 0.4128631892914146 0.791035496944016 0.4178371611416931 0.8045976216293076 0.4194951517584526 0.8170295692574915 0.41700816583331335 0.8351124021712139 0.41452117990817405 0.8452839956851825 0.40788921744113615 0.853195235084936
3 0.38011787461041474 0.8644970056560123 0.37763088868527545 0.8396331103996444 0.37887438164784515 0.8249408086572452 0.38301935818974375 0.8113786839719535 0.38840782769421217 0.8091183298577381 0.3937962971986806 0.8226804545430297 0.39545428781544006 0.8339822251141062 0.39545428781544006 0.8475443497993979 0.3925528042361109 0.8588461203704741 0.388822325348402 0.8633668285989047
3 0.3482015552377945 0.888230723855273 0.3482015552377945 0.8712780679986583 0.35151753647131345 0.8475443497993979 0.35524801535902234 0.8385029333425368 0.3602219872093008 0.8396331103996444 0.36726844733052866 0.8464141727422901 0.36892643794728813 0.8588461203704741 0.36892643794728813 0.8724082450557659 0.36270897313444 0.8837100156268423 0.35814949893835146 0.888230723855273
3 0.07231908519900825 0.8793848784583053 0.0729419216440719 0.86664809719864 0.07605610386939025 0.8564586721909077 0.07792461320458127 0.8505148409363972 0.08135021365243147 0.8479674846844641 0.08571006876787715 0.8479674846844641 0.08726715988053632 0.8573077909415521 0.09193843321851387 0.8759884034557278 0.08851283277066366 0.8827813534608828 0.08166163187496328 0.8853287097128159 0.07761319498204944 0.8853287097128159
3 0.6101206764328393 0.7079767308696705 0.6076293306525846 0.6952399496100051 0.6091864217652437 0.6808049308490511 0.6126120222130939 0.6748610995945405 0.6157262044384123 0.6723137433426075 0.6191518048862625 0.6757102183451849 0.6216431506665172 0.6842014058516286 0.6228888235566445 0.6918434746074277 0.621954568889049 0.7011837808645157 0.6179061319961351 0.7079767308696705 0.614480531548285 0.7096749683709592
3 0.6714700662716108 0.6587278433322977 0.6714700662716108 0.6476892995739212 0.6727157391617381 0.6358016370649001 0.67302715738427 0.6239139745558792 0.6748956667194609 0.6162719058000801 0.6770755942771839 0.6247630933065236 0.6814354493926296 0.6298578058103896 0.6851724680630116 0.6332542808129671 0.6857953045080752 0.6434437058206993 0.682681122282757 0.6536331308284317 0.6789441036123748 0.6587278433322977 0.6758299213870564 0.6604260808335866
3 0.6885980685108618 0.6374998745661888 0.6885980685108618 0.6264613308078123 0.6904665778460529 0.6145736682987912 0.6963835240741577 0.6179701433013687 0.7001205427445396 0.6247630933065236 0.699497706299476 0.6315560433116785 0.695760687629094 0.6349525183142558 0.6920236689587119 0.6417454683194107
0 0.39358866311729435 0.6917588547355645 0.39327724489476246 0.7027973984939412 0.3898516444469123 0.7061938734965184 0.3861146257765303 0.7070429922471629 0.37552640621044775 0.6960044484887863 0.37365789687525686 0.6866641422316984 0.37365789687525686 0.6747764797226775 0.3767720791005752 0.6611905797123677 0.3826890253286801 0.6526993922059241 0.38549178933146655 0.6586432234604345 0.38736029866665755 0.6696817672188112 0.3892288080018486 0.6790220734758993 0.39234299022716695 0.683267667229121
0 0.40978241068894966 0.6637379359643008 0.4079139013537586 0.6679835297175226 0.40417688268337665 0.6713800047201 0.3991941911228673 0.6713800047201 0.3963914271200808 0.6637379359643008 0.3929658266722306 0.6560958672085015 0.3926544084496988 0.6442082046994806 0.39421149956235796 0.6348678984423927 0.39514575422995357 0.6280749484372378 0.39670284534261263 0.61873464218015 0.39701426356514447 0.6119416921749951 0.3985713546778037 0.6051487421698402 0.40230837334818564 0.6136399296762838 0.4057339737960358 0.61873464218015 0.4091595742438861 0.6229802359333716 0.4107166653565452 0.6306223046891708 0.4091595742438861 0.6408117296969031 0.4091595742438861 0.6493029172033467
0 0.4257063167749299 0.5188040874763329 0.42134646165948425 0.5205023249776216 0.41823227943416585 0.5111620187205337 0.4166751883215067 0.497576118710224 0.4166751883215067 0.4831410999492698 0.4166751883215067 0.4678569624376715 0.4169866065440385 0.44917634992349564 0.42041220699188875 0.4457798749209182 0.4225921345496116 0.45596929992865043 0.4241492256622707 0.46446048743509405 0.42819766255518465 0.4865375749518473 0.42819766255518465 0.49502876245829086 0.42819766255518465 0.5052181874660231
0 0.49764843739038384 0.5352232044096606 0.4987518301458371 0.5547786580287942 0.49764843739038384 0.5668127833328762 0.4959933482572037 0.5773426429739482 0.49102808085766314 0.58787250261502 0.48330433156948904 0.5848639712889995 0.4788907605476752 0.5698213146588967 0.47558058228131495 0.5472573297137429 0.4744771895258615 0.5246933447685888 0.47392549314813487 0.5021293598234349 0.4733737967704081 0.48558243753032193 0.4722704040149546 0.4645227182481782 0.4706153148817744 0.4434629989660344 0.46951192212632104 0.4148819513688394 0.4706153148817744 0.39833502907572643 0.4733737967704081 0.3863009037716443 0.4788907605476752 0.3817881067826135 0.4849594207026693 0.37577104413057244 0.4877179025913028 0.3878051694346546 0.49047638447993636 0.40134356040174685 0.4915797772353899 0.41939474835787016 0.49323486636857 0.4374459363139933 0.4954416518794769 0.45700138993312683 0.4954416518794769 0.47354831222623983 0.49654504463493027 0.491599500182363 0.49654504463493027 0.5096506881384861
0 0.5180612033662725 0.5668127833328762 0.5161346182695977 0.573911995932035 0.5126250214717184 0.5758258623872815 0.5098173440334147 0.5713601739917064 0.5074776128348285 0.5624287972005562 0.5049412135560798 0.5448508058384731 0.5049412135560798 0.52679961788235 0.5049412135560798 0.5132612269152576 0.5021827316674461 0.49821857028515476 0.500527642534266 0.48468017931806245 0.4994242497788125 0.46362046003591884 0.4994242497788125 0.4380479437647442 0.5021827316674461 0.42450955279765185 0.5027344280451729 0.4034498335155081 0.5010793389119927 0.38389437989637465 0.500527642534266 0.36283466061423086 0.4999759461565393 0.3402706756690768 0.5021827316674462 0.3207152220499434 0.5032861244228997 0.30115976843081 0.5065963026892598 0.284612846137697 0.510458177333347 0.28160431481167647 0.514320051977434 0.28160431481167647 0.5187336229992479 0.2876213774637175 0.5214921048878813 0.30266403409382026 0.5242505867765149 0.32221948771295367 0.5236988903987883 0.3462877383211179 0.5248022831542417 0.36734745760326165 0.5248022831542417 0.3853986455593849 0.5248022831542417 0.4034498335155081 0.5248022831542417 0.42150102147163115 0.5248022831542417 0.44406500641678526 0.5248022831542417 0.46211619437290846 0.5248022831542417 0.48919297630709324 0.5236988903987883 0.5117569612522472 0.5214921048878813 0.5298081492083705 0.520388712132428 0.5478593371644936
0 0.5507320129073976 0.5072441642632164 0.5512837092851244 0.52679961788235 0.5501803165296708 0.5403380088494424 0.5479735310187639 0.5508678684905143 0.5424565672414968 0.5508678684905143 0.5358362107087762 0.5463550715014834 0.531974336064689 0.5313124148713807 0.5308709433092356 0.510252695589237 0.5314226396869624 0.4786631166660215 0.5314226396869624 0.4485778034058161 0.5336294251978693 0.41397969315657995 0.5336294251978693 0.39291997387443617 0.5336294251978693 0.36734745760326165 0.5336294251978693 0.3462877383211179 0.5336294251978693 0.3282365503649947 0.5330777288201425 0.3101853624088715 0.5369396034642295 0.30416829975683046 0.5402497817305899 0.31319389373489204 0.5468701382633105 0.3207152220499434 0.551835405662851 0.31921095638693314 0.5556972803069381 0.31921095638693314 0.5584557621955716 0.3402706756690768 0.5612142440842052 0.3538090666361693 0.5612142440842052 0.37336452025530276 0.5601108513287518 0.39141570821142596 0.5556972803069381 0.3989370365264773 0.5556972803069381 0.4169882244826005 0.5540421911737579 0.4350394124387236 0.5523871020405777 0.4470735377428058 0.5534904947960312 0.45760339738387773 0.5534904947960312 0.4696375226879599 0.551835405662851 0.4831759136550522
0 0.5882473665928145 0.5162697582412781 0.5805236173046404 0.5343209461974012 0.5739032607719198 0.5343209461974012 0.5694896897501059 0.5222868208933191 0.5694896897501059 0.5012271016111755 0.5689379933723793 0.4741503196769907 0.5661795114837458 0.4560991317208674 0.5667312078614725 0.4260138184606621 0.5711447788832862 0.40796263050453896 0.5761100462828267 0.3899114425484157 0.5810753136823672 0.3944242395374465 0.5832820991932741 0.41397969315658 0.581627010060094 0.4305266154496929 0.5838337955710008 0.4455692720797956 0.5854888847041809 0.46512472569892904 0.5860405810819077 0.4786631166660215
0 0.44111766325699575 0.44796904162589096 0.4414007707320246 0.47035489959742377 0.44111766325699575 0.47884608710386745 0.4377203735566484 0.48888112688420987 0.4340399763812722 0.49351268370590634 0.4326244390061275 0.4834776439255639 0.4326244390061275 0.468811047323525 0.43120890163098274 0.455688302995385 0.43064268668092487 0.433302445023852 0.43007647173086694 0.41168851318926836 0.4329075464811565 0.40396925181977417 0.4368710511315615 0.40474117795672354 0.43913591093179316 0.4155481438740154 0.4399852333568799 0.4263551097913073 0.44111766325699575 0.4348462972977508 0.44111766325699575 0.4402497802563967
0 0.4609351865090216 0.47035489959742377 0.4617845089341084 0.48579342233641226 0.458387219233761 0.4950565359798052 0.45215885478312434 0.5020038712123499 0.44904467255780606 0.48579342233641226 0.4481953501327192 0.45646022913233447 0.44762913518266134 0.4379340018455485 0.4479122426576902 0.4093727347784201 0.4481953501327192 0.3885307290807859 0.45102642488300854 0.37617991088959535 0.45527303700844274 0.37000450179399996 0.4578210042837032 0.37000450179399996 0.4595196491338769 0.37772376316349415 0.46206761640913724 0.4224954791065602 0.46206761640913724 0.433302445023852 0.4617845089341084 0.44410941094114376 0.4617845089341084 0.45723215526928385
0 0.4446828065281444 0.5403043438040481 0.4415686243028262 0.5310412301606552 0.4393037645025945 0.5156027074216669 0.44270105420294187 0.5094272983260716 0.44581523642826026 0.5094272983260716 0.44638145137831803 0.5171465596955658 0.44638145137831803 0.5248658210650599 0.44638145137831803 0.5310412301606552
0 0.3733306633816505 0.600940429704565 0.3703161349875422 0.5875837917569292 0.37144658313533285 0.5721722864327342 0.3740842954801774 0.5608705158616577 0.3778524559728127 0.5547059137319797 0.3812438004161844 0.5577882147968187 0.38162061646544787 0.5690899853678952 0.38049016831765736 0.5803917559389715 0.3786060880713397 0.5886112254452088
0 0.36466389424858947 0.6389554761709128 0.3616493658544813 0.6235439708467178 0.3608957337559543 0.6091598992108024 0.3590116535096367 0.5968306949514463 0.35863483746037317 0.5886112254452089 0.3612725498052179 0.5845014906920902 0.36466389424858947 0.5927209601983277 0.36654797449490706 0.600940429704565 0.36654797449490706 0.613269633963921 0.3669247905441707 0.6225165371584381
0 0.3362774880417746 0.6749825551983328 0.3352227632339971 0.6639585310383854 0.33416803842621967 0.6529345068784383 0.33381646349029387 0.6404725665237154 0.3362774880417746 0.6375967341341641 0.33803536272140355 0.6395139557271983 0.3394416624651069 0.6452656205063012 0.3404963872728843 0.6538931176749556 0.3404963872728843 0.6591654770557998 0.3404963872728843 0.667792974224454 0.3394416624651069 0.6740239444018156
0 0.34823103586325227 0.6606033932505756 0.3477036734593635 0.6481414528958527 0.34928576067102957 0.6385553449306812 0.3515709977545473 0.6380760395324226 0.35209836015843615 0.6481414528958527 0.35209836015843615 0.6548517284714727 0.35209836015843615 0.6620413094453513 0.34928576067102957 0.6673136688261956
0 0.354207809773991 0.6399932611254568 0.3533288724341765 0.6318450693550612 0.3526257225623249 0.6256140991776997 0.35209836015843615 0.6131521588229768 0.35209836015843615 0.6059625778490981 0.35438359724195395 0.6011695238665125 0.35631725938954595 0.6030867454595468 0.35772355913324927 0.6107556318316839 0.358075134069175 0.624176182982924 0.3582509215371379 0.630886458558544 0.35631725938954595 0.6457449259045596
0 0.4089698748522756 0.48118497968528046 0.4086584566297438 0.49137440469301275 0.40741278373961637 0.5058094234539667 0.4049214379593618 0.5143006109604104 0.40087300106644785 0.5143006109604104 0.4005615828439161 0.5007147109501006 0.39931590995378874 0.4845814546878578 0.39900449173125696 0.4701464359269038 0.3999387463988524 0.45740965466723843 0.40305292862417086 0.4531640609140167 0.40741278373961637 0.45146582341272795 0.4080356201846801 0.46250436717110455 0.408347038407212 0.4718446734281925