3 0.5296209472295514 0.737850345323741 0.5329369287598944 0.7376925287769783 0.5376026517150396 0.7329548201438849 0.5464930382585752 0.7246293057553956 0.5545013047493403 0.7186036007194245 0.5593795250659631 0.7048244784172661 0.5598045211081794 0.6867416438848921 0.5597087691292876 0.6731992446043166 0.5589168337730871 0.654045417266187 0.5567485949868074 0.6406016582733813 0.556264907651715 0.625948809352518 0.5508072493403694 0.6115326906474821 0.5451902176781003 0.6038976330935252 0.5354973984168866 0.6111324244604316 0.5285998139841689 0.6227498309352517 0.5244443403693931 0.6410102122302158 0.5205174274406332 0.6671621007194245 0.5197471240105541 0.699937237410072 0.5214903667546174 0.7314638309352518 0.5296209472295514 0.737850345323741
3 0.5018125448548812 0.7583653597122302 0.5072807005277045 0.7547183741007195 0.5128551055408971 0.7465506798561151 0.5155811517150396 0.7362607194244604 0.5150709023746702 0.7227380503597122 0.5121267928759895 0.7070733920863309 0.5083536873350923 0.6914481834532374 0.5020299736147757 0.6962648021582734 0.4988097427440633 0.7099650179856115 0.49631225989445915 0.7281464892086331 0.49362884036939314 0.7542391978417265 0.5018125448548812 0.7583653597122302
3 0.46405619788918206 0.7793538273381294 0.46822773614775726 0.7780263776978418 0.4729465844327177 0.7710283129496402 0.47548669393139836 0.7686495971223021 0.4832663984168865 0.7547323812949641 0.48446726517150396 0.7388704460431654 0.48458401187335093 0.7162866330935251 0.48335101715039575 0.6982827086330935 0.4796310356200527 0.6803971474820144 0.4743488153034301 0.6761328956834532 0.47001790237467017 0.6842414100719424 0.46599524010554094 0.6968509028776978 0.4604900237467019 0.7196911726618705 0.45661623614775726 0.7435827086330935 0.45708942480211084 0.7762986618705036 0.46405619788918206 0.7793538273381294
3 0.4190674551451187 0.8085888992805755 0.42624672691292875 0.8026026510791366 0.4351636754617414 0.7931469604316547 0.44307619129287595 0.7735788561151079 0.440769573878628 0.7307899496402878 0.43710271635883907 0.710644035971223 0.42691014643799474 0.6862930503597122 0.4214951147757256 0.6876796798561151 0.4174990145118733 0.6991589964028777 0.4146135949868074 0.7162300179856115 0.4106866820580475 0.7423819064748202 0.4092467559366755 0.7684154352517986 0.41049581530343004 0.8033522877697842 0.4190674551451187 0.8085888992805755
3 0.3878368218997361 0.8337824388489209 0.3946547203166227 0.8255555611510791 0.3973807664907652 0.8152656043165467 0.40029274802110815 0.7970644064748201 0.3989269419525066 0.7847113705035972 0.394271716358839 0.7713859712230215 0.3873846292875989 0.7649402733812949 0.3817571002638523 0.7753683237410072 0.37793643667546173 0.7969995071942446 0.3779154406332454 0.8331257158273381 0.3878368218997361 0.8337824388489209
3 0.3685308707124011 0.8448614892086331 0.37236759762532984 0.8401632338129497 0.37553470448548815 0.8287233741007194 0.37585345118733504 0.8151612482014389 0.37446108179419524 0.8039383848920862 0.3693913588390501 0.7906327158273382 0.36394976517150396 0.793149525179856 0.3594860422163588 0.8069089244604317 0.3578972401055409 0.8216604064748202 0.35979985751978893 0.8464059388489208 0.3685308707124011 0.8448614892086331
3 0.3372736754617414 0.8711852050359713 0.34193939841688653 0.8664474964028777 0.34842248548812665 0.8548498165467625 0.3487412321899736 0.8412876906474821 0.347375426121372 0.828934654676259 0.340488339050132 0.82248895323741 0.33554092875989444 0.8215955071942446 0.3315979525065963 0.8308144676258993 0.3277241649076517 0.8547060035971223 0.32732573218997363 0.8716586618705037 0.3372736754617414 0.8711852050359713
3 0.056805576517150395 0.8816348417266187 0.06085401319261213 0.8814421618705036 0.06776508443271768 0.8785687338129496 0.07135033773087071 0.8716127482014389 0.06711810817941953 0.8531544568345324 0.06578053957783642 0.8438882589928057 0.06142068469656992 0.8440957589928058 0.05793521503957783 0.8468061510791367 0.0559270092348285 0.8528389100719425 0.05257334828496042 0.8631765503597122 0.05165116226912929 0.8759429748201438 0.056805576517150395 0.8816348417266187
3 0.5978012506596306 0.6804298093525181 0.6012667651715039 0.678568535971223 0.6054748535620053 0.6715829064748202 0.6066286319261214 0.6621981366906475 0.6055625672823219 0.6546153525179856 0.6032707875989446 0.646242737410072 0.5999250131926122 0.6430092985611511 0.5967509617414247 0.6457048669064749 0.5931856649076517 0.6518117338129497 0.5912893126649076 0.6663208597122302 0.593481308707124 0.678939071942446 0.5978012506596306 0.6804298093525181
3 0.6603081226912929 0.6282611007194244 0.6634622176781002 0.6264146474820144 0.6673189762532982 0.6211420791366907 0.6706726372031663 0.6108044388489208 0.6702892796833773 0.6006446582733813 0.6666320883905013 0.5974260395683454 0.6623919722955145 0.5925388273381296 0.660411610817942 0.5841513884892086 0.6583634920844328 0.5918823884892087 0.6577726820580475 0.6037848705035971 0.6562476160949868 0.615731820143885 0.6559881807387863 0.6267703633093525 0.6603081226912929 0.6282611007194244
3 0.6769409155672823 0.608809773381295 0.6808375870712401 0.6018389676258993 0.684654431398417 0.5982646330935252 0.6854369208443272 0.5914420431654676 0.681859555408971 0.5848269496402878 0.6760224353562005 0.5817120791366907 0.6738745329815303 0.5936886726618705 0.6736150976253298 0.6047272158273381 0.6769409155672823 0.608809773381295
0 0.3762843522427441 0.6645947661870503 0.37326995382585754 0.6604973884892087 0.37162096701846964 0.6512460107913669 0.37001189313984173 0.6402963956834532 0.36734882453825857 0.6344859568345325 0.3612323126649077 0.6432587517985611 0.35779882453825856 0.6569928633093525 0.3575194327176781 0.6688805287769785 0.35916841952506595 0.6781319064748201 0.369497203166227 0.6886665215827339 0.3732541794195251 0.6876395431654676 0.3767596055408971 0.6840800323741008 0.37733045910290236 0.6730266690647482 0.3762843522427441 0.6645947661870503
0 0.3938992005277045 0.6298296618705036 0.39409876649076514 0.6213384712230215 0.3958953364116095 0.6110749388489208 0.3945178548812665 0.6035069784172662 0.39119203693931404 0.5994244208633094 0.3878861754617414 0.5944927446043166 0.38434872295514516 0.5861794136690648 0.38263197889182055 0.5930464712230216 0.38216090897097627 0.5998542410071942 0.38038429419525066 0.609268654676259 0.37929038786279684 0.6161060683453238 0.37751377440633244 0.6255204820143885 0.3775457994722955 0.6373933237410072 0.3807917915567282 0.644872356115108 0.38341494591029024 0.6523810323741007 0.3883976372031663 0.6521438920863308 0.39221448284960425 0.6485695575539568 0.3941827744063325 0.644235035971223 0.3938992005277045 0.6298296618705036
0 0.41632366886543537 0.48483884532374105 0.41656314775725595 0.47464942086330936 0.41676271372031665 0.4661582338129497 0.41323314775725595 0.4442738237410072 0.4118756226912929 0.43585674460431656 0.4099351741424802 0.42577106834532374 0.4064297480211082 0.42933057913669065 0.4056792849604222 0.4480260107913669 0.4053200659630607 0.46331015107913665 0.4049808047493404 0.4777451690647482 0.4062185897097625 0.4912569604316547 0.4091132493403694 0.5004490539568346 0.41351301846965693 0.4985433165467626 0.41632366886543537 0.48483884532374105
0 0.4845668759894459 0.4860184676258993 0.4849911266490765 0.4679672805755396 0.4843119868073879 0.4499686043165468 0.4847008839050132 0.43342168345323745 0.48295370448548813 0.4139712589928058 0.48172286675461745 0.3959988417266187 0.48104372559366754 0.3780001690647482 0.47860343271767813 0.36459306115107915 0.47612778496042213 0.35269022302158276 0.4699177071240106 0.35899611151079136 0.46429468073878627 0.3637714784172662 0.46125336411609497 0.3759368884892086 0.45976107387862797 0.39253632733812954 0.46019273482849604 0.42106485971223023 0.461352864116095 0.44204580935251797 0.4619612968337731 0.46305301438848917 0.46212409498680734 0.4795736798561151 0.46214547757255936 0.5021114064748201 0.46271855540897094 0.5246228776978417 0.465498419525066 0.547029320143885 0.4695584472295514 0.5618619208633093 0.4772114881266491 0.5645028525179856 0.48242423482849606 0.5537366798561151 0.48432680474934037 0.5431280503597122 0.48571303166226915 0.5310414100719425 0.4850692453825857 0.5115384712230215 0.4845668759894459 0.4860184676258993
0 0.507512536939314 0.5230923165467626 0.5090401807387863 0.5049886151079136 0.5116712176781003 0.48683239928057553 0.513304926121372 0.46421589928057555 0.5139413034300792 0.43713911870503597 0.514365555408971 0.4190879316546763 0.5148958693931398 0.39652394604316543 0.5153201213720316 0.3784727589928058 0.5157443733509235 0.36042156834532374 0.5161686240105541 0.34237038129496405 0.5155601926121371 0.32136317625899286 0.5166775580474934 0.29726866906474825 0.5143786820580475 0.2778445 0.5119737427440634 0.2629331294964029 0.5077015897097625 0.25712612230215826 0.5038397150395778 0.25730992086330934 0.49990713192612135 0.2605022517985611 0.49620805540897095 0.27720671942446046 0.49464505672823217 0.2968146870503597 0.4919786649076517 0.3164751654676259 0.4920000474934037 0.3390128956834533 0.49205678364116096 0.36004635611510794 0.4932522664907652 0.3795230395683453 0.49220560949868075 0.40060901438848917 0.48912893931398416 0.414278690647482 0.48852791556728237 0.43985120863309357 0.48913634828496044 0.46085841366906477 0.4904732480211082 0.4743180323741007 0.49287818733509237 0.48922940647482016 0.4925599986807388 0.5027677949640288 0.492135746701847 0.5208189856115107 0.4942590158311345 0.5382762589928058 0.4963888350923483 0.5470962805755396 0.4990915567282322 0.5514283417266187 0.5026461345646438 0.5493474424460432 0.5047395699208443 0.542156535971223 0.507512536939314 0.5230923165467626
0 0.5404794656992085 0.45691224100719424 0.5424527427440633 0.44329507913669064 0.5427355778364116 0.4312609532374101 0.5418796649076517 0.42078360791366903 0.5438175883905013 0.4086707122302158 0.5458969300791556 0.3905407517985612 0.5463211807387862 0.37248956474820144 0.5509115237467018 0.3647581798561151 0.5524391688654354 0.3466544784172662 0.5528987744063324 0.32709902517985606 0.5504584815303429 0.3136919208633094 0.5481949591029024 0.2927634856115108 0.5443330857519789 0.29294728417266186 0.539332463060686 0.29468786330935254 0.5328888786279684 0.28748161870503597 0.5297908258575198 0.27861356834532375 0.5257875343007915 0.28481443165467624 0.5259149788918206 0.3028393633093525 0.5254907269129288 0.3208905503597122 0.5249957664907652 0.34195026978417264 0.5243947440633245 0.3675227841726619 0.523899783641161 0.3885825035971223 0.5208798482849605 0.4232856438848921 0.5201727625329815 0.4533709568345324 0.5188786253298153 0.4849867913669064 0.5194870580474934 0.5059939964028778 0.522995389182058 0.5208528561151079 0.5295096833773086 0.5250505683453237 0.5350266464379948 0.5247879964028777 0.5374809129287599 0.5141531079136691 0.5389024934036939 0.5005622050359713 0.5388104036939314 0.4810330071942446 0.5404794656992085 0.45691224100719424
0 0.5747907031662269 0.45077150719424464 0.5745571965699209 0.4372593741007194 0.5733617124010554 0.41778269064748197 0.5715084709762532 0.40284506115107915 0.57355245646438 0.3862193705035971 0.5718052770448548 0.36676894244604313 0.5669460725593667 0.3624924604316547 0.5615565540897098 0.3807799604316547 0.5567187308707124 0.3990412050359712 0.5554599485488126 0.4291527769784173 0.5577941794195251 0.4470726798561151 0.5577094973614776 0.4741232050359712 0.557214536939314 0.49518292446043166 0.5613452744063324 0.5070069928057555 0.5679656306068601 0.5066919064748202 0.5761136319261214 0.48827312230215825 0.5747907031662269 0.45077150719424464
0 0.4307706029023747 0.41925553237410074 0.43089759894459106 0.41385205035971223 0.42996473614775726 0.40541475899280577 0.42936940633245385 0.39464821223021584 0.4273585395778364 0.3839490395683453 0.4234131767810026 0.38336575179856114 0.4204006781002639 0.39121975179856117 0.42045890765171506 0.41280673741007196 0.42049899472295516 0.4351656438848921 0.42160611213720317 0.44822102158273386 0.42126140765171505 0.4628876151079137 0.4224410936675462 0.47285528776978414 0.426230345646438 0.46804856834532377 0.42986348548812664 0.45785183812949637 0.43034615831134565 0.4493471762589928 0.43058917941952507 0.4269747949640288 0.4307706029023747 0.41925553237410074
0 0.4510383166226913 0.4352543021582734 0.4513467374670185 0.42213155755395687 0.4518838377308707 0.411311118705036 0.4521378298153035 0.400504154676259 0.45064212005277043 0.3558537050359712 0.4491248984168865 0.34821528776978417 0.44657693139841687 0.34833655395683455 0.442185179419525 0.35471407194244603 0.439063827176781 0.3671996294964029 0.43829087598944594 0.38805511151079136 0.4373365026385224 0.4166298525179856 0.4374673007915567 0.43512912949640287 0.4376272137203166 0.4644219028776978 0.4403604063324538 0.4804841366906475 0.44675205145118735 0.4732403741007194 0.4503670501319261 0.46381557194244605 0.4498805751978892 0.44841747122302156 0.4510383166226913 0.4352543021582734
0 0.4339005461741425 0.5097964604316546 0.4340456860158311 0.5036210503597123 0.43422710949868076 0.49590179136690654 0.43384231794195255 0.48820947841726625 0.43072813588390496 0.488357690647482 0.42718570712401055 0.49469478776978415 0.4290877189973615 0.5100255179856115 0.4319841939313985 0.519140417266187 0.4339005461741425 0.5097964604316546
0 0.3647721332453826 0.5705921115107914 0.3668493931398417 0.5622829712230215 0.368245463060686 0.5509273992805755 0.3681342691292876 0.5396435611510791 0.36481536675461745 0.5367226654676259 0.36090232189973614 0.5430666079136691 0.35799898680738784 0.5544939136690648 0.356506327176781 0.5699592230215828 0.359206937994723 0.5831723884892086 0.3647721332453826 0.5705921115107914
0 0.3522939683377309 0.6050533741007194 0.3521344802110818 0.5958244028776979 0.3524242493403694 0.5834951978417267 0.35073334960422164 0.5753653992805755 0.3475351846965699 0.5673073345323741 0.3448008825857519 0.5715426079136691 0.344984518469657 0.579744143884892 0.3465788284960422 0.5919836762589928 0.3469943970976253 0.606331881294964 0.34964671240105544 0.621599917266187 0.3522939683377309 0.6050533741007194
0 0.3236002770448549 0.6578687949640288 0.32480144722955145 0.6515876258992805 0.325004216358839 0.6429601294964029 0.3251281306068602 0.6376877697841726 0.3242761754617414 0.6291104676258993 0.32300505540897095 0.6234257338129496 0.3212922414248021 0.6215921762589929 0.31876362664907654 0.6245851366906475 0.3188223126649077 0.637030345323741 0.3196179419525066 0.6480041726618705 0.32041357255936675 0.6589779964028777 0.3236002770448549 0.6578687949640288
0 0.3336020857519789 0.6506900035971223 0.33653859894459104 0.6452837841726619 0.336707573878628 0.6380942050359711 0.336865283641161 0.631383928057554 0.33657448548812663 0.6213436115107913 0.33427798416886545 0.6219316798561151 0.33247059630606857 0.6315930863309352 0.3327050699208443 0.644029928057554 0.3336020857519789 0.6506900035971223
0 0.34114050791556727 0.628786607913669 0.3434233839050132 0.6138361115107913 0.3434053060686016 0.6071342050359713 0.34336915039577837 0.5937303848920864 0.34214308970976254 0.5861284280575539 0.34025448812664905 0.584303237410072 0.3378566015831135 0.5892050539568345 0.33768762664907653 0.5963946330935251 0.3379221002638522 0.6088314748201439 0.3384788047493404 0.6150289784172662 0.33916623746701846 0.6231353417266188 0.34114050791556727 0.628786607913669
0 0.39725741292875993 0.45241008633093527 0.3971655171503958 0.4430846043165468 0.39680211609498683 0.43207570143884894 0.39240234828496046 0.4339814388489209 0.389188382585752 0.43837524820143886 0.3879547796833773 0.45115649280575537 0.3879269353562005 0.46557669064748197 0.3887934327176781 0.48165066187050365 0.3887855461741425 0.4952217410071942 0.39283398284960425 0.49502906115107914 0.3955248944591029 0.4864193021582734 0.39710982981530346 0.47192499640287766 0.39766072691292875 0.4617207517985612 0.39725741292875993 0.45241008633093527