0 0.6386032549800796 0.33210624054054055 0.63846793625498 0.3268488324324324 0.6350132549800797 0.3177801216216216 0.6278865677290836 0.3162298918918919 0.6275564780876494 0.3284359054054054 0.6290962211155379 0.33819703243243243 0.6386032549800796 0.33210624054054055
0 0.3001826015936255 0.2648476162162162 0.300054374501992 0.25986567297297297 0.2993649462151394 0.2534105513513514 0.2992000836653386 0.2470051972972973 0.29538158764940237 0.24096317567567566 0.29004435458167327 0.23690697297297297 0.28812927888446216 0.24382496486486488 0.2883490976095618 0.2523654378378378 0.29079540039840635 0.2660869216216216 0.2967121533864542 0.2723280108108108 0.3001826015936255 0.2648476162162162
0 0.27867546812749006 0.2628071540540541 0.28111510756972113 0.25593892972972976 0.2809136075697211 0.24811016486486484 0.27863216733067725 0.24079403243243241 0.272264125498008 0.23735 0.2691900119521912 0.23989822162162164 0.2700259860557769 0.2520469918918919 0.27350309760956176 0.2651563054054054 0.27867546812749006 0.2628071540540541
0 0.25696683266932274 0.25293792702702705 0.25891854581673307 0.24744334864864867 0.25768623505976096 0.24022675135135135 0.2533248565737052 0.23342325945945946 0.24645056772908366 0.23064116486486488 0.24500510159362549 0.2354738054054054 0.24424906374501992 0.24676156756756756 0.24922659760956176 0.25717335945945946 0.25696683266932274 0.25293792702702705
0 0.21391592828685257 0.2474335945945946 0.2174596513944223 0.24280002162162165 0.21515989442231076 0.23477218648648648 0.21040217928286853 0.23290086756756756 0.20674854780876495 0.2332642027027027 0.20695004780876494 0.24109297027027027 0.21031725099601595 0.24993204594594595 0.21391592828685257 0.2474335945945946
0 0.17430057768924304 0.24580504324324326 0.1784604561752988 0.24477977027027029 0.18299835258964142 0.2381106162162162 0.18176604183266934 0.23089401891891892 0.17731307370517926 0.2205319972972973 0.1678159621513944 0.21750106486486484 0.16612070517928287 0.23295952972972972 0.17017733665338647 0.24825372972972973 0.17430057768924304 0.24580504324324326
0 0.14113219920318726 0.24650498918918917 0.14190841235059762 0.243058127027027 0.14174188446215139 0.236588072972973 0.14290620517928287 0.23141778108108108 0.14454946812749003 0.22805317837837838 0.14102071912350597 0.2253713918918919 0.1358184282868526 0.22487783243243242 0.13463896812749004 0.22945993513513513 0.13706395219123507 0.23966476216216215 0.13726075896414341 0.24731119189189188 0.14113219920318726 0.24650498918918917
0 0.11762555179282869 0.22373855675675675 0.1232008107569721 0.2219205 0.12611436852589641 0.2175029162162162 0.12591756175298804 0.2098564864864865 0.12575103187250997 0.20338642972972973 0.12124926095617529 0.19650507567567568 0.1147463984063745 0.19588812432432431 0.1114144561752988 0.20085276486486486 0.11071393625498008 0.20724056216216216 0.11092588247011952 0.21547517837837837 0.11285678685258965 0.22328612702702702 0.11762555179282869 0.22373855675675675
0 0.07014049800796812 0.22158047837837835 0.07308433266932271 0.21833926756756755 0.07296322111553784 0.21363377027027025 0.07279669123505976 0.20716371621621624 0.06925280278884462 0.20389374054054055 0.0655176155378486 0.20999362702702704 0.0657749780876494 0.2199928027027027 0.07014049800796812 0.22158047837837835
0 0.0889279203187251 0.21221464864864864 0.09142309362549801 0.20834412162162164 0.091271703187251 0.20246225135135135 0.08333201593625499 0.19642822972972973 0.08089740039840637 0.2026515054054054 0.0828434422310757 0.2110506405405405 0.0889279203187251 0.21221464864864864
0 0.1432953705179283 0.21631426756756755 0.14706133665338647 0.20988270810810813 0.1469237091633466 0.20453555405405408 0.14358654581673305 0.1998546864864865 0.13634578685258963 0.19625822162162163 0.13244219322709164 0.19734262702702704 0.13155501394422311 0.20453222432432433 0.13536306573705179 0.2136220297297297 0.13904600199203185 0.21785078378378378 0.1432953705179283 0.21631426756756755
0 0.8312382589641435 0.37300411081081075 0.8307874302788845 0.3681121621621622 0.8290564980079681 0.36398043243243244 0.8244851394422311 0.3631058972972973 0.823958828685259 0.3679051405405405 0.8254322948207171 0.3746574513513513 0.8283978346613545 0.37626130540540537 0.8312382589641435 0.37300411081081075