0 0.5904528406374502 0.23785903783783785 0.5895811593625498 0.23273637567567568 0.58498196812749 0.22518415675675676 0.5779146314741035 0.2264985891891892 0.5793192768924303 0.23864857567567566 0.5821759143426295 0.2476459 0.5904528406374502 0.23785903783783785
0 0.2557472071713147 0.30653519459459455 0.2549211992031873 0.30168093783783784 0.25334806772908364 0.29559985135135136 0.25228605577689245 0.2893586648648649 0.24776420717131475 0.2849316378378378 0.24206300398406375 0.2830653027027027 0.24119853784860557 0.29064035135135136 0.24261455378486058 0.2989619324324324 0.24690105577689242 0.311497372972973 0.2534673844621514 0.3152840054054054 0.2557472071713147 0.30653519459459455
0 0.2347912988047809 0.31309925405405403 0.2361668844621514 0.3053641081081081 0.2348688705179283 0.29773599189189187 0.23164438047808764 0.29144173783783783 0.22503893824701196 0.29058906486486485 0.2224442250996016 0.2943235216216216 0.22496136653386453 0.305952327027027 0.23015210756972113 0.3174741054054054 0.2347912988047809 0.31309925405405403
0 0.21253737848605578 0.3120352 0.21363784661354582 0.3058470837837838 0.21143559362549802 0.2992326297297297 0.20628462549800797 0.2942722351351351 0.1992860657370518 0.294273127027027 0.19857871513944222 0.2996076810810811 0.19944449601593625 0.31102332162162166 0.20569659163346612 0.3192909405405405 0.21253737848605578 0.3120352
0 0.17038955976095618 0.32377638918918916 0.17314138844621516 0.31780144054054055 0.16979889442231078 0.31081372162162163 0.16496281474103586 0.3108676810810811 0.1615029780876494 0.31268184054054055 0.1628009920318725 0.3203099567567568 0.16728372709163347 0.32767094324324325 0.17038955976095618 0.32377638918918916
0 0.13209000597609563 0.3379643162162162 0.13594296015936255 0.3352965945945946 0.13936302589641433 0.32692105135135135 0.13716077290836654 0.3203065972972973 0.131419796812749 0.31187887837837835 0.12186563944223108 0.3126802648648649 0.12241718725099603 0.3285768945945946 0.12847305378486054 0.34201896756756756 0.13209000597609563 0.3379643162162162
0 0.1003143764940239 0.35187505945945946 0.1005740717131474 0.34817176216216217 0.0995013326693227 0.3418675351351351 0.09989087649402391 0.3363125891891892 0.10099539840637449 0.33234466486486486 0.0972260079681275 0.3311107243243243 0.09215705179282868 0.3326984837837838 0.09166998605577689 0.3376803189189189 0.0954399203187251 0.3467616486486486 0.096707703187251 0.35421210000000003 0.1003143764940239 0.35187505945945946
0 0.07451322908366534 0.33882875405405405 0.07961450996015937 0.33481623513513514 0.08179122709163347 0.3293051486486486 0.08052344422310757 0.32185469729729727 0.07945070517928286 0.3155504675675676 0.07415383665338646 0.310569372972973 0.06781764342629483 0.31255407027027027 0.06531603386454184 0.3187705810810811 0.06554394820717131 0.3253394378378378 0.06690925099601594 0.33336299999999996 0.06986668525896414 0.3402841972972973 0.07451322908366534 0.33882875405405405
0 0.028576294820717132 0.35563230270270274 0.03094805577689243 0.35126744054054054 0.030167882470119523 0.34668254864864867 0.029095143426294823 0.3403783189189189 0.02522823107569721 0.3385712675675676 0.022499252988047808 0.3460663135135135 0.024157121513944224 0.35580921351351347 0.028576294820717132 0.35563230270270274
0 0.045309553784860554 0.33892140000000004 0.04716138047808765 0.3341157378378378 0.046186163346613546 0.32838462162162163 0.03770503386454183 0.3256082540540541 0.03624329482071713 0.33270636216216215 0.039298250996015936 0.34020067297297296 0.045309553784860554 0.33892140000000004
0 0.09813426095617529 0.3212860891891892 0.10084602988047808 0.3134521972972973 0.09995946812749004 0.3082420918918919 0.09609218525896414 0.304963427027027 0.08862657370517929 0.3043085459459459 0.08502824501992032 0.30693233243243245 0.08518988645418327 0.3143650702702703 0.09013163944223107 0.3217972027027027 0.09426742828685258 0.32449287027027024 0.09813426095617529 0.3212860891891892
0 0.7813418087649402 0.2013402702702703 0.7802184780876493 0.19670321891891893 0.7779722270916335 0.1933249783783784 0.773455844621514 0.19428611351351352 0.7736270796812749 0.1992213918918919 0.7759955836653386 0.20528256486486487 0.7790716772908366 0.20567964864864866 0.7813418087649402 0.2013402702702703