0 0.6286471513944223 0.2691028891891892 0.6285795239043824 0.2638462810810811 0.6252381494023904 0.2551617297297297 0.6181238266932271 0.25445384594594594 0.6176358924302789 0.2667345567567567 0.6190513406374503 0.2763410837837838 0.6286471513944223 0.2691028891891892
0 0.29073158964143425 0.24186267027027028 0.2906675059760956 0.2368814864864865 0.29006062749003986 0.23048952972972972 0.2899782330677291 0.22408515135135135 0.28623360358565736 0.2184793162162162 0.280942984063745 0.21504553783783786 0.27893659561752987 0.2222111972972973 0.27904645617529883 0.23075037027027026 0.28131833665338646 0.24422104324324323 0.28716090239043823 0.2497771918918919 0.29073158964143425 0.24186267027027028
0 0.2692277310756972 0.24237193243243244 0.2717586035856574 0.23519384864864867 0.27165790039840637 0.2273662756756757 0.2694684123505976 0.2202999810810811 0.2631379820717132 0.21760264324324324 0.2600276952191235 0.22052355945945945 0.260707812749004 0.23260830000000002 0.26401950796812745 0.24534253243243243 0.2692277310756972 0.24237193243243244
0 0.2476231673306773 0.2350536162162162 0.24964786653386453 0.22931115135135133 0.2485073486055777 0.22222001621621623 0.2442290796812749 0.21591500540540542 0.2373833187250996 0.21394168648648648 0.23587395019920318 0.21896013243243242 0.23497146015936257 0.23037053783783784 0.23981998804780877 0.2402211162162162 0.2476231673306773 0.2350536162162162
0 0.20459714143426294 0.23464894324324326 0.2082044482071713 0.22958081081081083 0.20600580677290836 0.22180292162162163 0.2012671374501992 0.22049151351351354 0.19760490039840636 0.22129005945945948 0.19770560557768926 0.22911763513513514 0.20096237051792828 0.2375822810810811 0.20459714143426294 0.23464894324324326
0 0.16496034262948206 0.2377230756756757 0.16913790836653386 0.2362005135135135 0.1737667171314741 0.22897274594594594 0.17262619920318722 0.22188161081081081 0.16830215737051793 0.21201861081081083 0.15883397410358566 0.2101073972972973 0.15693744422310757 0.22581222972972972 0.16080108764940237 0.24066883513513515 0.16496034262948206 0.2377230756756757
0 0.13174738247011952 0.24236638918918918 0.13256890239043825 0.23881727567567568 0.13248567529880478 0.2323482054054054 0.1337179561752988 0.22702453243243242 0.13540639243027888 0.22345488918918918 0.1319084621513944 0.22118462162162164 0.1267069641434263 0.2213078054054054 0.12546711952191233 0.22604337837837837 0.12776303187250995 0.23598970540540543 0.127861390438247 0.24363497027027026 0.13174738247011952 0.24236638918918918
0 0.10850928884462151 0.22232704324324323 0.11411398007968128 0.2198412054054054 0.1170876593625498 0.2150645702702703 0.11698930079681275 0.2074193054054054 0.11690607370517929 0.20095023783783786 0.11248826693227092 0.19458381891891893 0.10598639442231077 0.19473779729729732 0.10258682270916335 0.2001127972972973 0.10180313346613545 0.2066023972972973 0.1019090577689243 0.21483575945945946 0.10374124900398407 0.22243996216216216 0.10850928884462151 0.22232704324324323
0 0.06100118326693227 0.22580524864864868 0.06398999402390439 0.2222048081081081 0.06392946613545818 0.2175000297297297 0.0638462390438247 0.21103096216216216 0.06034074501992032 0.20817259729729728 0.05652284661354582 0.21473405405405405 0.056651470119521916 0.2247317081081081 0.06100118326693227 0.22580524864864868
0 0.07992958764940239 0.21417972972972973 0.08247737450199202 0.21000145675675677 0.08240171314741035 0.20412048378378378 0.07453137250996016 0.19901238378378378 0.07201385059760956 0.20554304594594594 0.07385360756972112 0.21373534594594593 0.07992958764940239 0.21417972972972973
0 0.1343024123505976 0.21183088378378379 0.13815540039840637 0.20493313243243244 0.13808661752988047 0.19958679189189188 0.13480627290836653 0.19528886756756758 0.12760415737051795 0.19254235675675677 0.12368238844621514 0.19409377027027028 0.1227014920318725 0.2014096837837838 0.12639634462151395 0.21007340000000002 0.1300286653386454 0.21387681081081084 0.1343024123505976 0.21183088378378379
0 0.8209609342629482 0.2872291702702703 0.8205727410358566 0.28237657567567565 0.8188932629482072 0.27843852162162164 0.8143282908366534 0.2781046513513513 0.8137394920318726 0.28298038378378376 0.8151274143426295 0.28957722702702704 0.818075438247012 0.290833354054054 0.8209609342629482 0.2872291702702703