0 0.6444535856573704 0.26221302972972976 0.6442052649402391 0.25695562162162167 0.6405622450199203 0.24824425405405406 0.6334167250996016 0.24748017567567568 0.6333503087649401 0.25975765675675677 0.6350972231075697 0.26937584864864866 0.6444535856573704 0.26221302972972976
0 0.3052755378486056 0.23230399999999998 0.3050402290836653 0.22732205675675676 0.304213125498008 0.22092498378378378 0.30391058366533863 0.21451962972972974 0.2999697091633466 0.20888394864864862 0.2945559900398406 0.20540823513513515 0.2927938884462151 0.2125584216216216 0.29319727490039843 0.22109889459459459 0.29593422908366535 0.2345881837837838 0.30197336055776897 0.2401907351351351 0.3052755378486056 0.23230399999999998
0 0.28376840438247014 0.23264353783783784 0.28605506972111555 0.22548507027027026 0.2856852988047809 0.2176563027027027 0.2832508844621514 0.2105723675675676 0.27682165139442233 0.20782492162162164 0.2738087290836653 0.21072143513513514 0.27490475697211153 0.22281215675675678 0.2786572250996016 0.23557317837837838 0.28376840438247014 0.23264353783783784
0 0.2618914980079681 0.22515431081081083 0.26372083067729085 0.21942753783783783 0.2623355458167331 0.21232703783783782 0.25783649203187253 0.20598793513513514 0.25091630876494025 0.20396047567567568 0.2495779262948207 0.20896726216216216 0.24906664741035858 0.22037112432432435 0.2542583446215139 0.23026047567567567 0.2618914980079681 0.22515431081081083
0 0.21880999800796813 0.2244099783783784 0.22224663944223108 0.21937006486486485 0.219778609561753 0.21157442432432433 0.21499030079681272 0.21022554594594595 0.21135196613545817 0.2109952216216216 0.21172173904382469 0.2188239891891892 0.21527251195219124 0.22731477297297298 0.21880999800796813 0.2244099783783784
0 0.17924053984063745 0.22717138378378376 0.18336982270916335 0.22568171891891892 0.18775474501992032 0.21849012432432433 0.18636946015936254 0.21138962702702704 0.18170232868525896 0.20149199459459458 0.17215932470119522 0.19950594054054055 0.17080061155378484 0.21519660000000002 0.17517848804780875 0.23008445945945943 0.17924053984063745 0.22717138378378376
0 0.14615504581673308 0.23155275675675677 0.1468554043824701 0.22800994594594595 0.14654980876494025 0.22153989189189188 0.1476003486055777 0.2162256756756757 0.14916775498007967 0.21266917837837837 0.14558843625498008 0.21037118378378378 0.1403861454183267 0.2104533135135135 0.13930782470119524 0.21517934324324323 0.14194773107569722 0.2251442972972973 0.14230889043824702 0.23279072702702705 0.14615504581673308 0.23155275675675677
0 0.12220591235059762 0.21132895675675678 0.12773059960159364 0.20888723513513513 0.13054301792828685 0.20413382972972974 0.13018185856573705 0.1964874027027027 0.1298762609561753 0.19001734594594594 0.12523542430278886 0.18361573243243243 0.11873256175298805 0.1837183945945946 0.11551440039840637 0.18906682972972974 0.11495294820717132 0.1955505756756757 0.11534189043824701 0.2037851891891892 0.11743714541832669 0.21140424324324325 0.12220591235059762 0.21132895675675678
0 0.0747714282868526 0.2144323216216216 0.07763940836653387 0.2108552891891892 0.07741715537848605 0.2061497945945946 0.07711155976095617 0.19967974054054055 0.07350445816733067 0.19679355945945945 0.06990833665338646 0.20332521351351351 0.0703806235059761 0.2133243891891892 0.0747714282868526 0.2144323216216216
0 0.09331864342629483 0.20295562702702702 0.09572531673306772 0.19879725405405407 0.09544750199203186 0.19291538648648648 0.08739403386454184 0.18774490000000002 0.08509848605577688 0.1942560189189189 0.0872215219123506 0.20246325945945945 0.09331864342629483 0.20295562702702702
0 0.14766328685258964 0.20103586756756756 0.15128297609561753 0.19416818108108105 0.15103041832669323 0.18882102702702705 0.147599219123506 0.1844969918918919 0.14029577091633466 0.18169348918918918 0.13642352191235058 0.1832140243243243 0.13569306573705178 0.19052256486486485 0.1396891892430279 0.1992158891891892 0.14345571314741037 0.20304816486486485 0.14766328685258964 0.20103586756756756
0 0.837576015936255 0.2818583162162162 0.837020703187251 0.27700241081081084 0.835204282868526 0.27305090000000004 0.8306234262948207 0.2726809756756757 0.8302015996015937 0.2775523081081081 0.8318175418326693 0.28416044324324324 0.834811577689243 0.2854399027027027 0.837576015936255 0.2818583162162162