0 0.6219102067696995 0.27919412671948707 0.6206185459847583 0.2695555444837488 0.6212643763772289 0.2572882580019 0.6283685106944066 0.25816449275060355 0.63159766265676 0.26692684023763835 0.63159766265676 0.2721842487298592
0 0.29041201745227485 0.24477555638372622 0.2846418106846118 0.2390819076419731 0.28254355367818884 0.22555949188030955 0.28254355367818884 0.21701901876767996 0.2846418106846118 0.20990195784048865 0.2898874532006691 0.2134604883040843 0.2935594029619093 0.21915413704583733 0.2935594029619093 0.22555949188030955 0.29408396721351504 0.2319648467147818 0.29408396721351504 0.23694678936381572
0 0.2673311903816225 0.23979361373469224 0.264183804871988 0.22698290406574784 0.2636592406203823 0.21488390048952258 0.2668066261300167 0.21203707611864603 0.27310139714928555 0.21488390048952258 0.27519965415570846 0.22200096141671388 0.27519965415570846 0.2298297284366244 0.27257683289767987 0.23694678936381572
0 0.2432012348077586 0.23409996499293917 0.23848015654330695 0.22413607969487132 0.2395292850465184 0.21274878221136515 0.2411029778013357 0.20776683956233122 0.24792231307221024 0.20990195784048865 0.2521188270850561 0.2163073126749608 0.25316795558826755 0.22342437360215214 0.2510696985818446 0.22911802234390524
0 0.20438348018893404 0.2305414345293435 0.20123609467929962 0.22200096141671388 0.20123609467929962 0.2141721943968034 0.2049080444405398 0.2134604883040843 0.2096291227049914 0.21488390048952258 0.21172737971141434 0.22271266750943305 0.20805542995017423 0.22769461015846698
0 0.16418861075259553 0.2326765528075009 0.1605166609913554 0.21773072486039907 0.1626149179977783 0.20207319082057817 0.17205707452668154 0.20420830909873552 0.17625358853952744 0.21417219439680346 0.17730271704273892 0.22128925532399482 0.17258163877828728 0.22840631625118613 0.1683851247654414 0.2298297284366244
0 0.13121577645773305 0.2348622687677066 0.13121577645773305 0.22721583967237705 0.12904815558332916 0.21721666316309995 0.1303487281079715 0.21251116833520484 0.13555101820654078 0.21251116833520484 0.13901921160558697 0.2148639157491524 0.13728511490606388 0.21839303687007372 0.13598454238142155 0.22368671855145572 0.13598454238142155 0.23015677393981146 0.13511749403166 0.2336858950607328
0 0.10737194683929047 0.21309935518869175 0.1056378501397674 0.20545292609336221 0.1056378501397674 0.1972183101445458 0.10650489848952895 0.19074825475618998 0.10997309188857511 0.185454573074808 0.11647595451178672 0.185454573074808 0.12081119626059447 0.19192462846316377 0.12081119626059447 0.19839468385151954 0.12081119626059447 0.2060411129468491 0.11777652703642903 0.21074660777474422 0.11214071276297898 0.21309935518869175
0 0.060259860308427574 0.2142757288956655 0.060259860308427574 0.20427655238638842 0.06416157788235453 0.1978064969980326 0.06762977128140073 0.20074743126546707 0.06762977128140073 0.20721748665382286 0.06762977128140073 0.21192298148171795 0.0645951020572353 0.2154521026026393
0 0.07760082730365853 0.2036883655329015 0.07586673060413543 0.1954537495840851 0.07846787565342007 0.18898369419572933 0.086271310801274 0.19427737587711133 0.086271310801274 0.20015924441198024 0.08367016575198936 0.20427655238638842
0 0.13376551050068336 0.20515995938663295 0.1301826660801811 0.20127112068589323 0.12659982165967884 0.19252123360922876 0.12767467498582952 0.18522966104534175 0.131615803848382 0.18377134653256433 0.13878149268938653 0.18668797555811914 0.14200605266783856 0.19106291909645137 0.14200605266783856 0.19641007230996851 0.13806492380528612 0.2032155400362631
0 0.8207175732601122 0.2983968133834042 0.8177861550978831 0.29707107291724294 0.8164833025813368 0.2904423705864365 0.81713472883961 0.2855813222105118 0.8216947126475218 0.2860232356992322 0.8233232782932048 0.29000045709771605 0.8236489914223414 0.29486150547364076