3 0.4606657058047493 0.8638904786585366 0.46381975065963066 0.8635509908536586 0.4676869340369393 0.8623261829268293 0.4715908298153034 0.858671731707317 0.473200672823219 0.844752887195122 0.4719457308707124 0.8351852073170731 0.4689263034300792 0.8266160121951219 0.4644806015831135 0.8198174573170731 0.4587877440633245 0.8260901524390243 0.4572023759894459 0.8383892408536585 0.4575728496042216 0.8601805640243902 0.4606657058047493 0.8638904786585366
3 0.444133389182058 0.8697127560975609 0.44768683641160956 0.8660960274390244 0.45088983377308706 0.8625170182926829 0.45206356200527703 0.8543050548780489 0.45112235488126645 0.8471292957317073 0.4480172612137203 0.844229262195122 0.4441623166226913 0.8446441890243902 0.43925602374670186 0.8451722804878048 0.43805782058047493 0.8550040060975609 0.437837536939314 0.8695818506097561 0.444133389182058 0.8697127560975609
3 0.47396276253298153 0.8406280426829268 0.47386485883905016 0.8471070853658538 0.4744556160949868 0.8543205670731707 0.476521598944591 0.8565238810975611 0.48073923087071235 0.8552613536585366 0.4815992229551451 0.8446574664634146 0.48097175197889186 0.8398736280487804 0.4807803957783641 0.8293829054878049 0.4801651622691293 0.8237891859756098 0.47669738126649075 0.8217367530487805 0.47318064907651713 0.8229238414634146 0.47205587203166227 0.8278962835365854 0.47396276253298153 0.8406280426829268
3 0.542131364116095 0.8232951768292683 0.5435289327176781 0.8264859176829268 0.5457953839050131 0.829583137195122 0.5487220026385224 0.8272634268292682 0.551928135883905 0.8255818658536584 0.5520495039577836 0.8175499969512195 0.5521607585751979 0.8101874481707317 0.5522618984168866 0.8034942225609757 0.5523933812664907 0.7947930304878049 0.5486889050131926 0.7911823597560975 0.5460620277044854 0.7928015731707316 0.5439739498680739 0.7970357286585367 0.5420642453825858 0.808601256097561 0.5413636213720316 0.8166954725609757 0.542131364116095 0.8232951768292683
3 0.5358873588390501 0.834658993902439 0.5390732638522427 0.8343160792682927 0.5414307414248021 0.8313893932926829 0.5415116530343007 0.8260348140243902 0.5405756503957784 0.8114344176829268 0.5395081662269129 0.8055352103658537 0.5364132875989446 0.7998542256097562 0.5323382730870713 0.8016293079268293 0.531358135883905 0.8090853780487804 0.5311963113456464 0.8197945396341463 0.5310041451187335 0.8325116646341464 0.5358873588390501 0.834658993902439
3 0.5670199775725594 0.8256904573170731 0.5704955105540896 0.8253163658536586 0.5771872889182058 0.8225913932926829 0.5836096675461742 0.8185589481707316 0.5880349947229552 0.8127367530487805 0.5905037269129287 0.8024475243902439 0.58917695646438 0.7945715243902439 0.5854825949868074 0.7902915304878049 0.581219092348285 0.7854045640243903 0.5789121846965699 0.7849846341463415 0.5748776253298153 0.7840824298780488 0.570172783641161 0.7892664725609757 0.56574745646438 0.7950886676829269 0.5635582387862796 0.8060160457317074 0.5636354722955145 0.8200406432926829 0.5670199775725594 0.8256904573170731
3 0.4990712612137203 0.8434314054878049 0.5015484643799473 0.8376421768292682 0.5025100567282322 0.8315140274390244 0.5026088416886544 0.8249766920731707 0.5027532189973615 0.815422125 0.5021612044854882 0.8114694146341463 0.5009467810026386 0.8055754817073172 0.49769035620052765 0.8054239359756098 0.4959039511873351 0.8086285396341464 0.4944843588390501 0.8163121463414634 0.4930267730870712 0.8265101158536586 0.49415001187335095 0.838438512195122 0.4990712612137203 0.8434314054878049
3 0.7260121029023747 0.7503342164634146 0.7286187519788918 0.7500536493902439 0.732703882585752 0.747609243902439 0.7360010408970976 0.7399037804878049 0.7366915501319261 0.7324788841463414 0.7354153496042216 0.7212562713414634 0.732610098944591 0.7155441097560975 0.7297643931398418 0.7125092408536585 0.7268681160949869 0.7128209817073171 0.7233521279683378 0.7158723628048781 0.7200347414248022 0.7249164725609756 0.719014147757256 0.7350498323170732 0.7199501503957784 0.7496502286585366 0.7260121029023747 0.7503342164634146
3 0.7435414749340369 0.7384239268292683 0.7464680936675462 0.7361042195121951 0.7488963693931399 0.7284922774390244 0.7501863614775726 0.719666387195122 0.7476606253298154 0.7145923750000001 0.7448048047493404 0.7122268262195122 0.7408107005277044 0.7086473323170732 0.7381635949868074 0.7116051890243902 0.7371733443271767 0.7197305823170732 0.7370722044854882 0.7264238079268293 0.7380587770448548 0.7376775914634146 0.7435414749340369 0.7384239268292683
3 0.7708510672823219 0.7107597957317073 0.7734476029023747 0.7111485487804878 0.7772329907651715 0.7094046402439024 0.7789909841688654 0.7078789481707317 0.7813282335092349 0.7062909115853658 0.7878618680738786 0.6948959176829268 0.7870941240105541 0.6882962164634147 0.7872154934036939 0.6802643445121951 0.7838006451187336 0.6766225 0.7803048852242743 0.678335237804878 0.7773378100263852 0.6833322347560975 0.7750814722955145 0.6795656951219512 0.7698985158311346 0.6781188628048781 0.7680697242744063 0.6843298109756097 0.7673185303430079 0.6957706402439024 0.7679952467018469 0.7083942469512196 0.7708510672823219 0.7107597957317073
3 0.6220301213720316 0.8062604756097561 0.6266349102902374 0.7972600426829267 0.6264819472295514 0.7899866829268293 0.6250400778364116 0.7810295975609756 0.6221897744063324 0.7782989664634147 0.6177137097625329 0.77878075 0.6134089973614776 0.7853189420731707 0.6124903799472295 0.793922612804878 0.613133160949868 0.8035731920731707 0.6220301213720316 0.8062604756097561
3 0.6524289089709763 0.7950911798780489 0.6555517058047493 0.7971849969512195 0.6592562651715039 0.7955712865853659 0.6632884841688654 0.7896699085365854 0.6655235910290237 0.780924536585366 0.665615536939314 0.7748397865853658 0.663411357519789 0.7641422987804878 0.660842741424802 0.7601663750000001 0.6561585461741425 0.7570256463414634 0.6519090026385224 0.7599129908536586 0.6499371926121372 0.7686300213414634 0.6490093812664908 0.7778421676829268 0.6501235897097625 0.7910869176829269 0.6524289089709763 0.7950911798780489
3 0.28345596437994725 0.8739566493902439 0.28934640501319264 0.8723185213414634 0.2916060079155673 0.8665527134146341 0.29171998944591027 0.8590096371951219 0.2900779617414248 0.8526596737804878 0.2888559393139842 0.8472686128048781 0.2876491147757256 0.8408718079268293 0.28462548944591026 0.8396910945121951 0.28241907783641157 0.8419367987804878 0.2812474828496042 0.8475854969512194 0.28023269920844324 0.8572337499999999 0.2809435303430079 0.8677003750000001 0.28345596437994725 0.8739566493902439