3 0.4952408667546174 0.8574954329268293 0.49839491160949867 0.8571134359756098 0.5022314907651715 0.8558366707317073 0.5060129696569922 0.8521302652439023 0.5071025408970976 0.8381925274390244 0.5054803469656992 0.8286437408536584 0.5021242730870713 0.8201170548780489 0.49740313324538254 0.8133799024390245 0.4919245052770449 0.8197281707317072 0.4907982018469657 0.8320461493902439 0.4919949894459103 0.8538280274390243 0.4952408667546174 0.8574954329268293
3 0.4788615725593668 0.8635397042682926 0.48229260158311343 0.8598757408536586 0.48537318205804747 0.8562542256097561 0.4862408680738786 0.8480280914634146 0.48502422295514513 0.8408665000000001 0.4817967124010554 0.8380089756097561 0.47794176781002634 0.8384758597560976 0.4730354749340369 0.8390700762195122 0.4722045211081794 0.8489159695121951 0.47253511477572563 0.8634938140243903 0.4788615725593668 0.8635397042682926
3 0.5077116081794195 0.8340582378048781 0.5078585382585752 0.840537280487805 0.5087247348284961 0.8477413140243902 0.5108825303430079 0.8499162896341463 0.5150695580474934 0.8485970823170731 0.5155316952506597 0.83798375 0.514720598944591 0.833209356707317 0.5141313878627968 0.822723356707317 0.5133019248021108 0.8171390853658536 0.5097423311345646 0.8151338841463416 0.5062562018469657 0.8163682042682927 0.5053150514511874 0.8213548170731707 0.5077116081794195 0.8340582378048781
3 0.5755018799472296 0.8158086554878049 0.5770259116094987 0.8189798780487805 0.5794188271767811 0.8220458689024389 0.5822695672823219 0.819687125 0.5854251147757256 0.817962625 0.5852429696569921 0.8099307560975609 0.5850760026385224 0.8025682073170731 0.5849242163588391 0.7958749817073171 0.5847268918205805 0.7871737896341463 0.5808706596306069 0.7836138658536586 0.5782943680738786 0.7852682103658536 0.5763580461741424 0.7895296890243902 0.5748783192612137 0.8011186371951219 0.5744812084432718 0.8092206615853659 0.5755018799472296 0.8158086554878049
3 0.5696625580474934 0.8272544481707317 0.572848463060686 0.8268685914634146 0.5751047691292877 0.8239106798780488 0.574983339050132 0.8185561006097561 0.5734908957783641 0.8039713170731707 0.5721957770448549 0.7980877256097562 0.5688732638522428 0.7924496768292683 0.564848833773087 0.7942794085365853 0.5641469168865435 0.8017471890243902 0.5643897757255937 0.8124563506097561 0.564678172823219 0.8251734786585366 0.5696625580474934 0.8272544481707317
3 0.6005825514511873 0.8178674603658538 0.6040580831134565 0.8174465274390244 0.6106739828496042 0.8146317713414635 0.6169698984168865 0.8105134512195122 0.6211928839050133 0.8046327042682927 0.6232822242744063 0.794312243902439 0.6216519406332454 0.7864557652439025 0.617780530343008 0.7822265152439024 0.6133146846965699 0.7773981006097561 0.6109824841688655 0.7770094024390244 0.606897339050132 0.7761618445121952 0.6023695474934037 0.7814083445121951 0.598146562005277 0.7872890914634146 0.5963620290237467 0.7982437957317072 0.5969704102902375 0.8122644908536585 0.6005825514511873 0.8178674603658538
3 0.5330285065963061 0.8365220701219511 0.5352966807387863 0.8307005823170731 0.5360302387862796 0.8245607012195122 0.5358819854881267 0.8180233658536585 0.5356653100263853 0.8084688018292684 0.5349212730870713 0.8045248871951219 0.5334788153034301 0.7986485518292683 0.5302033878627969 0.7985409969512195 0.5285310000000001 0.8017690640243903 0.5273964498680739 0.809470268292683 0.5263189208443272 0.8196858323170731 0.5278982269129288 0.8315966310975609 0.5330285065963061 0.8365220701219511
3 0.7573701662269129 0.740380256097561 0.75997681530343 0.7400645548780488 0.763986067282322 0.7375655 0.767005005277045 0.7298170975609756 0.7674172941952507 0.7223843963414635 0.765711117414248 0.7111813018292683 0.7626782321899735 0.7055081768292683 0.7597060620052771 0.7025123414634147 0.7568097849604222 0.702863118902439 0.7533949670184698 0.7059613414634146 0.7504063865435356 0.7150483871951219 0.7497651846965699 0.7251934573170732 0.7512576279683376 0.7397782439024391 0.7573701662269129 0.740380256097561
3 0.7745201464379947 0.728235756097561 0.7773708865435356 0.7258770121951219 0.7795209419525067 0.7182338414634146 0.780482129287599 0.7093923384146341 0.7777540501319261 0.7043534573170731 0.7747970580474933 0.7020269451219512 0.7706511992084433 0.6985020975609756 0.7681052638522428 0.7014950884146341 0.7674185263852243 0.7096321890243902 0.7675703139841689 0.7163254146341463 0.7689868627968337 0.7275635884146342 0.7745201464379947 0.728235756097561
3 0.8008939076517151 0.7002085975609756 0.803515734828496 0.7005622195121952 0.8072505369393139 0.6987675640243902 0.8089579459102902 0.6972184542682928 0.8112446094986807 0.6955991859756098 0.8173735593667546 0.6841183170731707 0.8163528891820581 0.6775303231707317 0.8161707440633246 0.6694984542682927 0.8126041398416887 0.6659034512195122 0.8091589643799472 0.6676630304878048 0.8063689393139842 0.6726990640243903 0.803960845646438 0.66896375 0.7987020105540896 0.6675871829268293 0.7971008535620053 0.6738215518292683 0.7967796358839051 0.6852701890243902 0.7979369155672823 0.6978820823170732 0.8008939076517151 0.7002085975609756
3 0.6550813799472296 0.7976988262195123 0.6593642598944591 0.7886380640243903 0.6589353746701847 0.7813682530487805 0.6571486055408972 0.7724324603658537 0.6541833337730871 0.769740862804878 0.6497072704485488 0.7702829725609757 0.6456324920844327 0.7768779451219512 0.6450357823218997 0.7854922621951219 0.6460464577836411 0.7951321951219512 0.6550813799472296 0.7976988262195123
3 0.6851812519788918 0.7861214359756097 0.6883960224274406 0.7881726707317074 0.6920545949868074 0.7865092774390244 0.6958798733509235 0.7805546676829268 0.6977930725593667 0.7717809085365853 0.6976550844327176 0.7656961585365853 0.6950370237467018 0.755030606707317 0.6923074525065963 0.7510901707317073 0.687485296833773 0.7480133201219512 0.6833277269129288 0.7509574390243903 0.6816778245382585 0.7596993109756097 0.6810949142480212 0.7689221036585365 0.6827149788918206 0.7821491097560976 0.6851812519788918 0.7861214359756097
3 0.31769017678100264 0.8699518170731708 0.32354261081794194 0.8682345060975609 0.3255931820580475 0.862439368902439 0.3254221213720317 0.8548962926829268 0.3235330567282322 0.8485697926829269 0.32210200395778366 0.8431963262195122 0.32064814248021106 0.836817118902439 0.31756750791556726 0.8356774664634147 0.3154371081794195 0.8379524969512194 0.31447454485488124 0.8436158597560977 0.3138208153034301 0.8532758445121952 0.31493070580474936 0.8637307347560975 0.31769017678100264 0.8699518170731708