3 0.3965635211081794 0.7891226196078431 0.40161976912928754 0.7916262431372548 0.4104854406332454 0.7918907647058823 0.4170985329815303 0.7908605450980393 0.42095617018469655 0.7902595843137256 0.4270181715039578 0.7893152196078431 0.4341823548812665 0.7881991490196079 0.44110546701846964 0.7788923529411764 0.4423730263852243 0.7655296392156863 0.4423937612137203 0.7474241882352941 0.44150517018469654 0.7360430235294118 0.4388668786279683 0.7216431254901962 0.43201271503957783 0.7144826196078432 0.4259507137203166 0.7154269843137255 0.4226441675461742 0.7159420941176471 0.4180425817941953 0.7100763254901962 0.4118841530343008 0.7077444039215686 0.40677968997361474 0.703602631372549 0.4024673905013193 0.7075657333333333 0.3971975514511873 0.7166149764705882 0.39533068733509236 0.7284253960784314 0.39346382189973617 0.7402358196078431 0.38934437862796833 0.7507515019607843 0.3863271187335092 0.7610954823529412 0.3880560857519789 0.7822196666666666 0.3965635211081794 0.7891226196078431
3 0.4528505013192612 0.8017474980392157 0.466124901055409 0.8013252078431373 0.47549344854881265 0.7998657294117647 0.48706636015831134 0.7980628470588235 0.4903936411609499 0.7794422901960784 0.48895395910290235 0.7681469764705882 0.4869149722955145 0.7552993725490196 0.48367737467018473 0.7393471764705883 0.4815419591029024 0.7232232823529412 0.4744949393139842 0.7095101960784314 0.4664903799472296 0.7008832470588234 0.45987728627968333 0.701913462745098 0.4543181622691293 0.7011338352941177 0.4495511992084433 0.7084590784313725 0.44718145778364116 0.7219934980392156 0.44651320448548815 0.7369085058823529 0.44598959234828495 0.7567379490196078 0.4452249102902375 0.7683766705882352 0.44470129947229553 0.7882061137254902 0.4528505013192612 0.8017474980392157
3 0.5190571200527704 0.8128270509803921 0.5273716992084433 0.8131774235294118 0.5397575079155673 0.8013739686274509 0.5394200079155672 0.7899069490196079 0.5378838984168866 0.7753353490196078 0.5335923324538259 0.7611930039215686 0.5306440211081794 0.7550696784313725 0.5270481899736148 0.7457559176470587 0.5198840065963061 0.7468719882352941 0.5150688298153034 0.7525590862745098 0.5107357941952507 0.7746276392156862 0.5097093060686015 0.7961810784313725 0.5190571200527704 0.8128270509803921
3 0.5568688100263852 0.8184561607843137 0.5603199986807388 0.8228554862745098 0.5691374551451187 0.821481862745098 0.5768527295514512 0.8202799411764705 0.5781202889182058 0.8069172274509804 0.5777345751978892 0.7938120666666667 0.5757438021108179 0.7826026039215686 0.5710940026385224 0.7750986901960785 0.565583092348285 0.7759572078431373 0.5617254551451187 0.776558168627451 0.5585153377308707 0.7803495647058823 0.5561455963060686 0.7938839843137255 0.5520743680738787 0.8060378117647058 0.5568688100263852 0.8184561607843137
3 0.6200445857519788 0.824672568627451 0.6234963654353562 0.8251566549019609 0.6271466569920844 0.8173818862745098 0.6268091569920844 0.8059148705882353 0.6264234432717678 0.7928097098039215 0.6217254300791557 0.7836676509803921 0.6180124353562005 0.7891830470588236 0.6166484472295515 0.7992694705882353 0.6180399142480212 0.8089266392156863 0.6200445857519788 0.824672568627451
3 0.7431411279683378 0.7550535882352941 0.7419085263852243 0.7450273764705881 0.7396493430079156 0.7425925333333333 0.7365385778364116 0.7430771450980391 0.7349442757255936 0.7526148117647059 0.7342170672823218 0.7703777686274509 0.7389648627968337 0.772424925490196 0.7435221477572559 0.7679992509803921 0.7431411279683378 0.7550535882352941
3 0.9591475211081794 0.5341855803921568 0.9632918416886543 0.5247784862745097 0.970911154353562 0.508258937254902 0.9770634617414248 0.49196792156862745 0.9793557387862796 0.46970713725490193 0.9773753496042216 0.4524927058823529 0.9736436649076516 0.45088367450980393 0.9671704920844327 0.456272831372549 0.9616233403693931 0.4680888352941176 0.9539398548812665 0.4824280156862745 0.948649395778364 0.5029655019607843 0.9473473139841688 0.5338335058823529 0.9591475211081794 0.5341855803921568
3 0.6871495725593667 0.8036072784313726 0.6924555514511873 0.7973405019607843 0.6947100778364116 0.7806687254901961 0.6934405646437994 0.7686260784313725 0.6912601583113456 0.7567253333333332 0.6890797519788918 0.7448245921568628 0.6868993443271768 0.7329238470588235 0.6844228773087072 0.7265094117647058 0.6814339788918207 0.7337752666666667 0.6801301939313984 0.7516589803921568 0.6805286596306069 0.7651973686274509 0.6782342875989446 0.7805153098039216 0.6787522915567282 0.7981152156862745 0.6871495725593667 0.8036072784313726
3 0.27916444986807387 0.7220570784313725 0.2819022744063325 0.7302854078431372 0.2885269604221636 0.7292533803921568 0.2933143548812665 0.7223255490196079 0.29449961345646436 0.706067631372549 0.2939562519788918 0.6876061882352941 0.2907319353562005 0.6769808352941177 0.28761629155672824 0.6700477725490196 0.2828651213720317 0.6782063647058824 0.27973389973614776 0.6848761921568627 0.27591948680738787 0.6965980705882353 0.2759401332453826 0.7114317254901961 0.27916444986807387 0.7220570784313725
3 0.06911137862796835 0.5604340156862745 0.07473613060686016 0.5649979529411765 0.08267796306068602 0.570560968627451 0.09363140501319261 0.5851751450980393 0.10270050131926121 0.582402274509804 0.10404413324538259 0.5658723999999999 0.10008178364116095 0.5556093019607843 0.09512884828496043 0.5427804274509804 0.0912860382585752 0.5365788470588235 0.0839988839050132 0.5377140745098039 0.07898896569920844 0.5384945411764707 0.0748899419525066 0.5391331058823529 0.06532555145118733 0.5406230941176471 0.06332724142480212 0.5504547254901961 0.06911137862796835 0.5604340156862745
3 0.11766804749340369 0.5947427843137255 0.12086745382585752 0.5983316588235293 0.12525597361477572 0.5956043490196078 0.12495660158311346 0.5854327568627451 0.1239429234828496 0.5743506196078432 0.12289930870712401 0.5622513215686274 0.119105345646438 0.5618205411764706 0.11682980474934036 0.5662623254901961 0.11622237335092349 0.5806624745098039 0.11766804749340369 0.5947427843137255