3 0.3467043416886544 0.8277348862745098 0.3515677321899736 0.8307538313725491 0.36033697493403694 0.8319344705882353 0.3669500672823219 0.8315913450980392 0.37080770448548817 0.8313911882352941 0.3768697058047493 0.8310766549019607 0.38403388918205805 0.8307049333333333 0.3914391437994723 0.8221424862745098 0.39347813060686015 0.8089515450980392 0.39455957783641166 0.7909033529411764 0.39434598680738786 0.7794649333333333 0.39257555013192613 0.764836 0.3862035290237467 0.7569884039215686 0.38014152770448545 0.7573029372549019 0.376834981530343 0.7574744980392157 0.37261910949868077 0.7511506705882353 0.366653536939314 0.7481889137254902 0.3618383601583114 0.7435318235294118 0.3573332031662269 0.7470368666666667 0.3515812216358839 0.7555135294117646 0.3490393588390502 0.7670949215686275 0.34649749472295516 0.7786763137254902 0.341799481530343 0.7887339333333333 0.3382036503957783 0.7987343686274511 0.3386790474934037 0.8199730666666667 0.3467043416886544 0.8277348862745098
3 0.40173775197889183 0.8461427843137255 0.4149157216358839 0.8470946745098039 0.42428426912928763 0.8466085803921568 0.4358571820580475 0.846008105882353 0.44024517546174147 0.8277883529411765 0.43948049208443274 0.8163785254901961 0.43821293271767814 0.8033591450980392 0.4359396200527704 0.7871206627450981 0.4347684894459103 0.7708249921568627 0.42858932453825854 0.7564248156862745 0.42116333509234827 0.7469962588235295 0.4145502427440633 0.7473393882352941 0.4090875474934037 0.7459871803921568 0.4039348707124011 0.7527971058823529 0.4007937018469657 0.7660452352941176 0.39925759234828495 0.7808457294117647 0.3975768390501319 0.8005606588235294 0.39613715699208446 0.8120848627450981 0.3944564050131926 0.8317997921568627 0.40173775197889183 0.8461427843137255
3 0.4666907994722955 0.8640359921568628 0.47490895118733506 0.8652452313725489 0.4878733298153034 0.8547586980392157 0.4882108298153034 0.8432916823529412 0.4875425751978892 0.8286055647058824 0.48411886675461746 0.8140624156862745 0.4815562678100264 0.8076528039215687 0.4785390079155673 0.7979954980392158 0.4713748232189974 0.7983672196078432 0.46627036147757256 0.803539 0.4606837572559367 0.825092231372549 0.4584036992084433 0.8464739019607843 0.4666907994722955 0.8640359921568628
3 0.5038274907651715 0.8735586235294118 0.5069893944591028 0.878301494117647 0.5158068509234828 0.8778439921568628 0.5235221253298153 0.877443674509804 0.5255611121372031 0.8642527333333333 0.5259468258575197 0.8511475725490196 0.5246310527704485 0.8397663372549019 0.5204633957783641 0.8318043647058824 0.5149524854881267 0.8320903019607844 0.5110948482849604 0.8322904627450981 0.5076918733509235 0.8357383137254902 0.5045507044854881 0.8489864470588235 0.49980447625329816 0.8606822117647058 0.5038274907651715 0.8735586235294118
3 0.5660623245382586 0.8862900235294117 0.5694542282321899 0.8871296392156863 0.5735267678100264 0.879756062745098 0.5738642664907652 0.8682890470588235 0.5742499802110818 0.8551838862745098 0.570130536939314 0.845583768627451 0.5661282572559367 0.8506983607843137 0.5641856992084433 0.860613011764706 0.5649985963060686 0.8703846941176471 0.5660623245382586 0.8862900235294117
3 0.6921145765171504 0.8296141568627451 0.6914807203166227 0.8194909882352941 0.6893848311345647 0.8168298980392157 0.6862740659630607 0.8169913058823529 0.6841354498680738 0.8263350509803922 0.6823740461741424 0.8439687254901961 0.6869585474934037 0.8465006901960784 0.6917335580474934 0.8425598196078432 0.6921145765171504 0.8296141568627451
3 0.9190911187335092 0.6317588156862746 0.9237488245382586 0.6228089803921569 0.9322665593667546 0.6071277411764706 0.9393172915567283 0.5915226156862745 0.942893031662269 0.5695666705882353 0.9419394116094988 0.5521998156862745 0.9383360738786279 0.550209737254902 0.9316062084432718 0.5549130078431372 0.9254173258575198 0.5661193294117648 0.9169637625329815 0.5796202 0.9105181873350923 0.5995480117647058 0.9074192572559366 0.6301873803921568 0.9190911187335092 0.6317588156862746
3 0.6337890897097626 0.872229156862745 0.6394138416886543 0.8665302235294118 0.6426246820580475 0.850142368627451 0.6420724063324538 0.8380050784313725 0.6406092361477572 0.8259150549019608 0.6391460646437994 0.813825031372549 0.6376828944591029 0.8017350039215687 0.6356048918205804 0.7950839686274509 0.6322175290237467 0.8020185803921568 0.6298777361477572 0.8197130117647059 0.62947927176781 0.8332514039215686 0.6263082783641161 0.8482854196078431 0.6257902744063324 0.865885325490196 0.6337890897097626 0.872229156862745
3 0.2343066807387863 0.7487315568627451 0.23653736939313982 0.757218 0.24316205408970976 0.7568742705882353 0.24831168865435355 0.7504626588235294 0.25043877308707124 0.7343768117647059 0.2509821345646438 0.7159153725490196 0.24840985092348286 0.7049888901960785 0.24572889445910293 0.697754694117647 0.240543036939314 0.7053970666666667 0.23704957255936673 0.7117227450980391 0.23258312796833774 0.7230144392156863 0.23173439709762533 0.7378050745098039 0.2343066807387863 0.7487315568627451
3 0.03564146306068602 0.5658758549019607 0.04094744327176781 0.5710076352941176 0.04849081266490765 0.5773750980392157 0.05848793931398417 0.593077643137255 0.06763672823218997 0.5912511764705882 0.06993667414248021 0.5749105843137255 0.06661186807387863 0.564268925490196 0.06245586147757256 0.5509668470588235 0.05901151715039578 0.5443867058823529 0.051724362796833775 0.5447648039215687 0.04671444459102902 0.5450247490196078 0.04261541952506596 0.5452374313725491 0.033051030343007916 0.5457336901960784 0.03049486939313984 0.5553287215686274 0.03564146306068602 0.5658758549019607
3 0.08174454353562005 0.6051021333333333 0.0847044525065963 0.6090109803921568 0.08921272163588391 0.6067458509803921 0.08951209366754617 0.5965742588235294 0.08915703562005278 0.5854210156862746 0.08883191424802112 0.5732506156862746 0.08509782453825857 0.5724287568627451 0.08258278627968338 0.5766216745098038 0.08113711345646438 0.590915168627451 0.08174454353562005 0.6051021333333333