0 0.5008109378566346 0.7304124593585155 0.49572348972914626 0.7386108731768996 0.49403318363804666 0.7556291589140297 0.49269996512977743 0.7660848373040701 0.4939413518602996 0.7780920123068055 0.496875 0.7857365417480469 0.4984375 0.7913392639160156 0.5078125 0.7913392639160156 0.5093749618530273 0.7969419097900391 0.515625 0.7969419097900391 0.5171874618530273 0.7913392639160156 0.51875 0.7913392639160156 0.5203125 0.7857365417480469 0.5256149708970572 0.7806401887872192 0.5259242480748119 0.7696548266522929 0.5237199126911718 0.7579029890767827 0.5218749618530274 0.7409151458740234 0.51875 0.7297097778320313 0.51875 0.7241070556640625 0.515625 0.7129017639160157 0.5144405886213217 0.694737988632721 0.5081824997277379 0.6845452827110655 0.5040842153625884 0.6964325345742828 0.5032745850695648 0.7106903954132165
0 0.5648688227573568 0.698135557273273 0.5634475291029427 0.7056003337217163 0.5633062846103842 0.7129017639160157 0.5628325200589129 0.7210525862704529 0.5620763809632424 0.7348061307928588 0.5595207832978909 0.7500951896753424 0.554783137783177 0.776166713379194 0.5543301174916865 0.7895985785703307 0.5562044314375914 0.7989673103246576 0.5649841141968994 0.8033919252321737 0.5719205304154361 0.8032142711253476 0.575 0.8025445556640625 0.5777468732317059 0.8020382627508666 0.5807307050330927 0.7994900862704529 0.5851897912414037 0.7953925180411714 0.5876913137133272 0.7864227402419314 0.585272383588229 0.7702842891993101 0.5852723835882291 0.7614638276775332 0.5843749618530274 0.7521205139160156 0.58125 0.7409151458740234 0.5800655886213217 0.7390530915935488 0.5794505795772916 0.7300528007850283 0.5777924036471418 0.7244501549110047 0.575045530415436 0.7196969011971194 0.5731504722095506 0.7006837337536868 0.5696261306479159 0.6874743898857788
0 0.32484499656384697 0.6427347406955832 0.32277038633059923 0.6698243686381005 0.318906471736006 0.6989021248267135 0.3228208327800399 0.7104905814245897 0.3305211548382967 0.716282570561871 0.3353343284481378 0.7169716879915488 0.33903459690995796 0.7116211223897332 0.3421875 0.7072991180419922 0.34375 0.7016963958740234 0.34375 0.69609375 0.34531246185302733 0.6904910278320312 0.34531246185302733 0.6848883819580078 0.34375 0.6792857360839843 0.34375 0.6624776458740235 0.3421875 0.6568749237060547 0.3421875 0.6456696319580079 0.340625 0.6400669860839844 0.340625 0.6288615417480469 0.3390625 0.6232588958740234 0.335909596909958 0.6200673943444533 0.33392017477959285 0.6124647594511534 0.3312489564986343 0.6066327491604099 0.32805536640111604 0.6098925256581603 0.3262928735343473 0.6202552949593195
0 0.27630469855625733 0.6400768606447549 0.27526241654302047 0.6578306082655908 0.2770864100661851 0.6783480623249456 0.2843749809265137 0.6848883819580078 0.28593748092651367 0.6792857360839843 0.2875 0.6792857360839843 0.2890625 0.6736830139160156 0.2906222309404334 0.668077025659105 0.2890588079205781 0.6522246200086801 0.28593196188086684 0.6400768606447549 0.28146143354733194 0.6294254829566249
0 0.44549766841188315 0.7445623806239025 0.440625 0.7640364492294771 0.4411982551072804 0.7846087356248358 0.45082584663065006 0.7875665151999156 0.4589311071245188 0.7866642646523699 0.4609375 0.77453125 0.46249996185302733 0.7689285278320312 0.45992031387026566 0.7435346161101354 0.4519829433216185 0.7353124999999995
0 0.4672018660254638 0.7645422433443103 0.4698075710585565 0.7526507531023787 0.4721763938159133 0.7458556158212751 0.4754927456762129 0.7441568315009991 0.47833533298504116 0.7356629098996195 0.4802303911909267 0.7263195961381019 0.48402050760269766 0.7229220274975502 0.4859155658085832 0.728018380458378 0.48686309491152585 0.7399098707003094 0.48946879994461845 0.748403792301689 0.49160074042623964 0.7568977139030686 0.49231138725344664 0.7653916355044482 0.49254826952918235 0.7747349492659659 0.4911269758747682 0.7806806943869318 0.4878106240144686 0.7832288708673455 0.48236233167254783 0.7832288708673455 0.4750189811247415 0.7832288708673455 0.47170262926444195 0.7823794787072075 0.4698075710585565 0.7781325179065176
0 0.5295936496355776 0.7708805744100004 0.5318826572789481 0.7613048924352338 0.5356976700178989 0.7503612558926435 0.5379866776612695 0.7394176193500531 0.54027568530464 0.740785573917877 0.5433276954958005 0.7489933013248197 0.5479057107825415 0.7517292104604674 0.550194718425912 0.75993693786741 0.5509577209737022 0.7667767107065289 0.5517207235214924 0.7790883018169432 0.5494317158781219 0.7845601200882384 0.5440906980435908 0.7900319383595334 0.5395126827568497 0.7913998929273572 0.5337901636484236 0.7927678474951808 0.5311196547311581 0.7886639837917095
0 0.306662647957915 0.6760933721138628 0.30737329478512204 0.6650512740320693 0.3097421175424789 0.6557079602705517 0.31116341119689306 0.6540091759502757 0.3156641744358711 0.6514609994698618 0.318743644020435 0.6565573524306898 0.32063870222632057 0.6667500583523451 0.3208755845020562 0.6777921564341386 0.31921740857190634 0.6905330388362081 0.31755923264175656 0.7015751369180017 0.3125847048513071 0.7015751369180017 0.30855770616380046 0.6998763525977257 0.30713641250938634 0.6913824309963461
0 0.8259684183925734 0.7877720431652196 0.8266620570723827 0.7728489024253237 0.829089792451715 0.7579257616854279 0.8342920825502843 0.7653873320553758 0.8356793599099028 0.7765796876102978 0.8356793599099028 0.7902592332885355 0.8349857212300935 0.7989643987201415 0.8304770698113336 0.7989643987201415
0 0.8516330495455154 0.8064259690900895 0.8516330495455154 0.7815540678569295 0.8544076042647524 0.7716053073636657 0.8585694363436079 0.7716053073636657 0.8616908104027494 0.7778232826719557 0.8623844490825587 0.7915028283501936 0.8623844490825587 0.8051823740284314 0.8592630750234171 0.8151311345216954 0.8554480622844661 0.8163747295833533
0 0.8702895668756724 0.8051823740284314 0.8706363862155772 0.7865284481035615 0.873410940934814 0.7765796876102976 0.8768791343338603 0.7653873320553757 0.8800005083930018 0.7629001419320596 0.8831218824521434 0.7740924974869816 0.885202798491571 0.7877720431652196 0.8855496178314756 0.7989643987201415 0.885202798491571 0.8076695641517475 0.8810409664127156 0.8188619197066693 0.8758386763141464 0.8188619197066693 0.8727173022550048 0.8188619197066693
0 0.7839315512394222 0.7852848530419035 0.7825442738798037 0.7703617123020078 0.7825442738798037 0.7541949765004539 0.7825442738798037 0.7405154308222159 0.7839315512394222 0.7318102653906099 0.7863592866187545 0.728079480205636 0.7908679380375147 0.730566670328952 0.7929488540769424 0.7405154308222159 0.7953765894562747 0.7541949765004539 0.7988447828553208 0.7604129518087437 0.7991916021952256 0.7728489024253237 0.7974575054957023 0.7865284481035617 0.7932956734168471 0.7927464234118515 0.7870529252985637 0.7977208036584834
0 0.6825491929377734 0.8044882837062672 0.6834950638647858 0.7852690872988256 0.6844409347917985 0.7717025957171019 0.6866479669548279 0.7637888089610965 0.6894855797358656 0.7637888089610965 0.6929537731349117 0.7660498908913839 0.6935843537529203 0.7796163824731075 0.6935843537529203 0.7920523330896873 0.6942149343709286 0.8078799066016981 0.6888549991178572 0.8191853162531344 0.6857020960278152 0.8191853162531344
0 0.6162490024862382 0.8194047619993051 0.6157278614796197 0.8091271168616356 0.6172912844994752 0.7988494717239664 0.6209392715458047 0.7876374952101454 0.6235449765788973 0.7773598500724759 0.6266718226186084 0.7726881931917171 0.6277141046318454 0.7839001697055381 0.6284958161417732 0.7904404893386006 0.6313620916781749 0.7988494717239664 0.6337072262079583 0.8025867972285734 0.6344889377178861 0.8137987737423945 0.6360523607377415 0.808192785485484 0.6370946427509785 0.8025867972285734 0.6389186362741432 0.7951121462193592 0.6397003477840711 0.7857688324578418 0.6412637708039267 0.7764255186963241 0.6446511873469469 0.7745568559440207 0.6480386038899673 0.7764255186963241 0.6488203153998949 0.7876374952101454 0.6503837384197506 0.7932434834670559 0.6522077319429154 0.8063241227331804 0.6524683024462248 0.8194047619993051 0.6501231679164412 0.8278137443846708 0.6443906168436377 0.8287480757608224 0.6397003477840711 0.8278137443846708 0.6344889377178861 0.8278137443846708 0.630319809664938 0.8278137443846708 0.6256295406053713 0.8268794130085191 0.6222421240623509 0.8268794130085191
0 0.654813436976008 0.8035211286047251 0.6566374304991727 0.7960464775955112 0.658982565028956 0.7923091520909041 0.6615882700620488 0.7960464775955112 0.6626305520752857 0.8063241227331804 0.6641939750951412 0.8091271168616357 0.666017968618306 0.8147331051185462 0.6667996801282337 0.8231420875039122 0.6610671290554301 0.8259450816323676 0.6566374304991727 0.8259450816323676 0.654813436976008 0.8212734247516086
0 0.6673455064533765 0.8079571459309441 0.6685221885018491 0.8005734660767788 0.6704342968306168 0.7984638432613032 0.6719051493912077 0.8069023345232063 0.6732289166957393 0.8158682314889782 0.6746997692563299 0.809011957338682 0.6761706218169207 0.8026830888922547 0.6789652416820428 0.8037379002999926 0.6801419237305153 0.8095393630425509 0.6808773500108106 0.8158682314889782 0.6804360942426334 0.8200874771199298 0.6785239859138656 0.8232519113431432 0.6739643429760346 0.8237793170470122 0.670581382086676 0.8237793170470122 0.6673455064533765 0.8163956371928472