3 0.49099501369384635 0.697240981396274 0.4880906611785222 0.6797687654707523 0.4872608461741439 0.6660405958149851 0.4885055686807114 0.6498163953127147 0.4947291812135489 0.6435763181964568 0.5030273312573325 0.6473203644662116 0.5084211287857917 0.657304487852224 0.5084211287857917 0.6697846420847396 0.5071764062792242 0.6822647963172552 0.5021975162529541 0.6922489197032679 0.497218626226684 0.6959929659730225
3 0.3258618278225553 0.7583937371356005 0.32308622474100995 0.7558656051163148 0.32129784529847427 0.745913582903085 0.32221350846411795 0.7341199541741595 0.32378729031160935 0.7234493052845569 0.3266916428269336 0.7184572435915506 0.3308407178488253 0.7209532744380538 0.332500347857582 0.7421695366333304 0.33167053285320364 0.7571457217123491 0.32877853755148434 0.7588534925164752
3 0.3403835903991763 0.7434175520565818 0.3403835903991763 0.7296893824008147 0.342043220407933 0.7222012898613053 0.3466072029320139 0.7197052590148022 0.3495115554473382 0.7284413669775631 0.3495115554473382 0.7409215212100787 0.3474370179363922 0.7471615983263366 0.3434922190307663 0.7499245782994193
3 0.23956792534244986 0.8360594892329712 0.23956792534244986 0.8185253882451391 0.24059662162886927 0.8082112111934735 0.24265401420170818 0.7999598695521406 0.2457401030609665 0.7968656164366411 0.24951198944450442 0.804085540372807 0.24985488820664425 0.8154311351296396 0.24985488820664425 0.8247138944761387 0.24608300182310627 0.8422479954639706 0.24299691296384793 0.8432794131691372
3 0.16755918529308914 0.8649391849776354 0.16515889395811045 0.8504993371053032 0.16515889395811045 0.8339966538226381 0.16790208405522894 0.8236824767709722 0.17476005929802516 0.8216196413606389 0.17921774320584277 0.8257453121813053 0.18024643949226224 0.8391537423484707 0.1809322370165418 0.8504993371053032 0.17921774320584277 0.8597820964518025 0.17304556548732614 0.8670020203879686
3 0.20767834046344721 0.8525621725156364 0.20630674541488797 0.8381223246433042 0.2066496441770278 0.8236824767709722 0.20973573303628612 0.8154311351296396 0.21487921446838332 0.8174939705399725 0.21796530332764164 0.8247138944761387 0.21865110085192124 0.8360594892329712 0.21796530332764164 0.8474050839898035 0.21453631570624354 0.8525621725156364
3 0.26970741082891314 0.8047303503914971 0.2694852170448746 0.7920739406089026 0.2694852170448746 0.7793934415357526 0.27042203491835265 0.7730531919991779 0.27206146619693927 0.765303998121142 0.27416930641226495 0.7645995259504115 0.2760429421592211 0.7624861094382198 0.2811954404633505 0.7624861094382198 0.2833032806786762 0.763895053779681 0.2858795298307409 0.774462136340639 0.28634793876748 0.786438163243058 0.2830690762103067 0.7991186623162079 0.2797902136531334 0.8068678561942437 0.27674555556432967 0.8082768005357049
3 0.29337407281856553 0.7688263589747946 0.2922030504767179 0.7568503320723754 0.2922030504767179 0.7448743051699563 0.2938424817553046 0.7378295834626509 0.2959503219706302 0.7336027504382677 0.3001660024012816 0.7307848617553455 0.3027422515533463 0.7364206391211898 0.3036790694268244 0.7476921938528784 0.30485009176867195 0.7596682207552975 0.3032106604900853 0.7688263589747946 0.29969759346454256 0.7730531919991778
3 0.37282978054522686 0.7270604374491667 0.37367994276540817 0.7142742675504075 0.37651381683267937 0.6997832749984803 0.3813314027470404 0.6972260410187284 0.3872825382883099 0.6972260410187284 0.3895496375421268 0.7083073882643197 0.3912499619824895 0.7202411468364951 0.3901164123555811 0.7313224940820865 0.38444866422103874 0.7364369620415901 0.3810480153403133 0.7364369620415901 0.3756571738194127 0.736488354824275
3 0.540879016455704 0.6632726629649299 0.540879016455704 0.6539736303112869 0.5421671410317364 0.6408000007186258 0.5447433901838011 0.6315009680649826 0.5478348891662788 0.6268514517381611 0.5537602622160276 0.6268514517381611 0.5573670110289182 0.6322758874527862 0.5604585100113958 0.6454495170454473 0.5607161349266023 0.655523469086894 0.5591703854353635 0.6632726629649299 0.5537602622160276 0.6663723405161445 0.5498958884879305 0.6679221792917516 0.5442281403533882 0.6679221792917516
3 0.4057500436837086 0.7264568570544678 0.40446191910767626 0.7078587917471814 0.40549241876850206 0.6877108876642882 0.4111601669030444 0.6768620162350379 0.4183736645288255 0.6737623386838236 0.42146516351130325 0.6830613713374666 0.42326853791774854 0.6931353233789133 0.42352616283295497 0.7078587917471814 0.4204346638504774 0.7218073407276464 0.413736416055109 0.7264568570544678 0.40909916758139253 0.7280066958300749
3 0.44645478028633084 0.7008845172569492 0.4459395304559179 0.6861610488886811 0.4467124052015374 0.6714375805204127 0.4472276550319503 0.6644633060301804 0.45083440384484086 0.6605887090911625 0.4544411526577315 0.6605887090911625 0.4588207762162415 0.6660131448057877 0.46113940045309965 0.6714375805204127 0.4626851499443386 0.6838362907252702 0.4626851499443386 0.6946851621545206 0.46088177553789317 0.7039841948081638 0.45598690214897025 0.7063089529715745 0.45134965367525387 0.7070838723593781