3 0.49856478759894457 0.5739080396825398 0.5035364366754617 0.568941496031746 0.5084960158311346 0.557734880952381 0.509716598944591 0.5449491031746032 0.5096924604221635 0.5324689484126984 0.504279352242744 0.5238091944444445 0.4959739604221636 0.5221026388888889 0.48976241688654354 0.5298708373015873 0.4885490751978892 0.5464006587301588 0.4894054419525066 0.5599250793650794 0.4923435897097625 0.5766841746031746 0.49856478759894457 0.5739080396825398
3 0.33024628100263853 0.678126623015873 0.33313497361477573 0.6757087619047619 0.33393582189973614 0.6605288293650793 0.33223515699208445 0.6397200634920635 0.328081253298153 0.6382427817460317 0.3251865567282322 0.6439479642857143 0.3236334142480211 0.6550050317460318 0.32274056200527707 0.6670234880952381 0.3245481899736148 0.6765364007936508 0.3273286820580475 0.6783830238095238 0.33024628100263853 0.678126623015873
3 0.3449426926121372 0.6655849722222222 0.34888214775725596 0.6618534047619048 0.3509446160949868 0.6551039563492064 0.3509204775725594 0.6426238015873016 0.34799922823219 0.6346008134920635 0.34344007255936676 0.6382174642857144 0.341794926121372 0.6461130555555555 0.3418214788918206 0.6598412261904761 0.3449426926121372 0.6655849722222222
3 0.24462794986807387 0.783614996031746 0.24771204353562004 0.7818258333333333 0.2514500171503958 0.7633655992063493 0.251432062005277 0.7540828373015873 0.2510672189973615 0.7428214365079365 0.24728136807387863 0.7365276468253967 0.24420126385224275 0.7403796428571429 0.24215983113456466 0.7491361507936508 0.24115108443271766 0.7597029087301588 0.24118499736147758 0.777237007936508 0.24462794986807387 0.783614996031746
3 0.17472248548812663 0.8245131547619047 0.1808806992084433 0.815777742063492 0.1825772387862797 0.8060740119047619 0.18186949736147756 0.7948968055555555 0.18081486675461741 0.7817409563492063 0.1763492031662269 0.7787098055555556 0.16949521767810025 0.7824565198412698 0.16677197625329815 0.79344425 0.16680389577836413 0.8099469325396825 0.16923211609498678 0.8237974206349206 0.17472248548812663 0.8245131547619047
3 0.2161853073878628 0.7998858452380952 0.2196043205804749 0.7938868174603175 0.22026817414248023 0.7823728373015872 0.21956043139841688 0.771195630952381 0.21646037862796833 0.7647334523809524 0.21131290765171504 0.7639335238095238 0.2082427770448549 0.7729426111111112 0.2079278073878628 0.7874666507936509 0.20932733245382587 0.8015697261904763 0.2161853073878628 0.7998858452380952
3 0.27830889182058044 0.740325884920635 0.28135082453825855 0.738169369047619 0.2846146992084433 0.7296150952380952 0.2878690356200527 0.7161295198412698 0.287377463060686 0.7042685039682539 0.2847807757255937 0.6943339841269841 0.2826702110817942 0.6934425873015874 0.27751771240105544 0.6947077103174603 0.2756481635883905 0.6972811706349207 0.2735416860158311 0.6985031944444444 0.2719172427440633 0.7066549285714286 0.27099268865435355 0.7132251984126985 0.2710172150395778 0.7259056984126984 0.27126388786279687 0.7385075515873016 0.27830889182058044 0.740325884920635
3 0.30119280211081795 0.6994667301587302 0.3046976939313984 0.6943773134920634 0.30631941160949866 0.6848166388888889 0.30512522559366756 0.6731281388888889 0.30416660686015834 0.662086607142857 0.30157945646437995 0.6570833888888888 0.2973692269129288 0.6609363809523809 0.29526956200527704 0.6656807619047619 0.29364375593667547 0.6731280238095239 0.29366691952506596 0.6851040515873016 0.2948611055408971 0.6967925476190476 0.30119280211081795 0.6994667301587302
3 0.37708165963060686 0.6442511071428572 0.3824724023746702 0.6428760674603174 0.3858730514511874 0.6420410873015873 0.3915309063324538 0.6355349841269842 0.3926430237467018 0.6241753095238095 0.390919617414248 0.6126590436507936 0.38863108443271766 0.6021343492063492 0.38267994986807385 0.6035955674603175 0.37786731002638524 0.6073356904761905 0.375061463060686 0.6225225000000001 0.3742360316622691 0.6355174126984127 0.37708165963060686 0.6442511071428572
3 0.5455200079155673 0.5342947380952381 0.5511877572559367 0.5329031031746032 0.5550491332453825 0.5304044246031746 0.5604532612137203 0.525976369047619 0.5619840224274406 0.5178476388888889 0.5617069129287598 0.5078369404761904 0.5585899340369394 0.4954223849206349 0.5549726926121372 0.4908835357142857 0.5490473205804749 0.4923384246031746 0.5459648139841689 0.4977470158730159 0.5434065501319262 0.5076786071428571 0.5421439063324538 0.5211685198412698 0.5421618918205805 0.5304675515873015 0.5455200079155673 0.5342947380952381
3 0.41050724934036936 0.6275582420634921 0.4151415 0.6248697936507936 0.4218307546174142 0.618575619047619 0.4248952744063325 0.603867996031746 0.42460917282321897 0.5892077857142858 0.4227863139841689 0.5795766230158731 0.4196768284960422 0.5710366666666666 0.4124693258575198 0.5759075158730158 0.40682256200527706 0.5881480198412699 0.4058310316622691 0.6085489484126984 0.4071551279683377 0.6268307341269841 0.41050724934036936 0.6275582420634921
3 0.4527172664907652 0.5962614166666667 0.4573530171503958 0.5943478888888889 0.4622433931398417 0.5908212619047619 0.4640287823218997 0.5810794365079365 0.46400779815303433 0.5702305674603175 0.4624380686015831 0.5582113928571429 0.4601089525065963 0.5533562619047618 0.45571883641160954 0.5490071785714286 0.4521120883905013 0.5498927658730159 0.4485128337730871 0.5546529484126984 0.4480110725593668 0.561753734126984 0.4472666754617414 0.5766669722222222 0.4478104023746702 0.5912639285714286 0.4527172664907652 0.5962614166666667