3 0.486441672823219 0.7395105396825397 0.4914785356200528 0.7362022579365078 0.4966120237467019 0.7266538968253968 0.4980499920844327 0.7142826825396825 0.49824323878627974 0.7018025277777779 0.49300403825857525 0.6913463293650794 0.48476386147757256 0.686876011904762 0.47844362532981527 0.6925713849206349 0.4769476833773087 0.7086866468253968 0.4775649274406332 0.7224874444444445 0.480198734828496 0.7402138531746032 0.486441672823219 0.7395105396825397
3 0.3170282335092348 0.7876288531746032 0.3199466715039578 0.7861741944444444 0.321008382585752 0.7712706349206349 0.31967727176781 0.7499091190476191 0.315566845646438 0.7470499523809524 0.31258519393139844 0.7517878214285715 0.31084618469656994 0.7623207301587301 0.30974790633245386 0.7740342182539682 0.3113821860158311 0.7841427619047618 0.3141186424802111 0.7869138214285714 0.3170282335092348 0.7876288531746032
3 0.33188017282321897 0.7799877103174604 0.33586775461741425 0.7775699841269841 0.3380389142480211 0.7715114761904762 0.3382321609498681 0.7590313214285714 0.335463080474934 0.7500410198412698 0.3308604498680739 0.7521376031746032 0.32908487203166226 0.7594804404761905 0.3288723007915567 0.773208611111111 0.33188017282321897 0.7799877103174604
3 0.22993933377308706 0.8645469920634921 0.23304139313984168 0.8637856746031746 0.23708478232189972 0.8465816984126984 0.2372285197889182 0.8372989365079365 0.2370612994722955 0.8259233333333333 0.23340120844327175 0.8183732857142857 0.23026720712401055 0.8211974365079365 0.2280820488126649 0.8292687103174603 0.22689364379947227 0.8394928571428572 0.22662214116094986 0.8570269563492063 0.22993933377308706 0.8645469920634921
3 0.15962065831134564 0.8821473174603174 0.16590463192612137 0.8754675952380951 0.16776286279683378 0.8663348888888889 0.16725274274406332 0.8549292738095238 0.16643166622691294 0.8414308095238094 0.1620378654353562 0.8369149920634921 0.15514794854881264 0.8383776071428571 0.15224505145118733 0.8484516944444445 0.1519895197889182 0.864954376984127 0.1541662203166227 0.8796043015873015 0.15962065831134564 0.8821473174603174
3 0.20133500000000001 0.8713388214285714 0.20484384036939315 0.8664818452380952 0.20570531662269131 0.8551962738095238 0.20519519788918206 0.8437906547619047 0.2022209036939314 0.8363006309523809 0.19710936411609498 0.833787626984127 0.19389550923482848 0.841768869047619 0.1933290197889182 0.8561787063492063 0.19447702374670184 0.8707385992063492 0.20133500000000001 0.8713388214285714
3 0.2642299670184697 0.832498126984127 0.26729644063324537 0.8313556587301587 0.2706952941952507 0.8238934365079366 0.27417050527704484 0.8114999126984127 0.273887536939314 0.7994828888888889 0.2714749116094987 0.7886903253968255 0.26938888786279686 0.7870969007936508 0.26423638918205805 0.7866459444444445 0.2623300290237467 0.788595376984127 0.2602112810026385 0.7891153650793651 0.25845185883905014 0.7967210714285714 0.2574168667546174 0.8029793293650793 0.2572205171503958 0.8156598293650794 0.2572467361477572 0.8283356865079364 0.2642299670184697 0.832498126984127
3 0.2877274168865436 0.7992833293650794 0.29130593403693933 0.7953639682539683 0.2930871715039578 0.7863493134920635 0.2921015897097625 0.7742707976190476 0.2913393034300792 0.76291725 0.28885032058047494 0.757055996031746 0.2845910079155673 0.7595049166666666 0.28241771767810026 0.7635472698412699 0.2806692044854881 0.7704485039682539 0.2804837638522428 0.7824245317460318 0.281469345646438 0.7945030476190476 0.2877274168865436 0.7992833293650794
3 0.3642531781002638 0.7693666269841271 0.3696448153034301 0.7697870515873015 0.37304546437994723 0.7700846825396825 0.3787924063324538 0.7654662698412699 0.3800975422163589 0.7544841309523809 0.3785820039577837 0.7424015555555555 0.3764864907651715 0.7311217896825397 0.3705353548812665 0.7306009325396825 0.365678172823219 0.7327365238095238 0.36261991556728235 0.7469794880952381 0.36157176912928757 0.75969125 0.3642531781002638 0.7693666269841271
3 0.5338858430079155 0.715554123015873 0.5395535910290238 0.7160501746031747 0.543441963060686 0.7148385555555555 0.5489000817941952 0.7122123809523809 0.5505658218997361 0.7045984761904762 0.5504641846965699 0.6945019761904762 0.5475766701846966 0.6810577698412698 0.5440539155672823 0.6753176666666666 0.5381285422163589 0.6747990634920635 0.5349650488126649 0.679178007936508 0.5322448100263852 0.6882515595238095 0.5307527018469657 0.7013124523809524 0.5306087124010554 0.7106114841269842 0.5338858430079155 0.715554123015873
3 0.39782650395778363 0.763811876984127 0.4024877506596306 0.7626679007936508 0.4092579920844327 0.758604630952381 0.41256547493403695 0.7449266547619048 0.41253583245382586 0.7301806388888888 0.4108884459102902 0.7199488492063492 0.4079409353562005 0.7103792460317461 0.4006794419525066 0.7128475833333333 0.39484370712401057 0.7232004007936508 0.3935012308707124 0.743258115079365 0.3945013786279683 0.7619689166666667 0.39782650395778363 0.763811876984127
3 0.44040096437994725 0.7465869047619048 0.44505021240105536 0.7462178452380952 0.44998108311345647 0.744321496031746 0.45192844591029024 0.7351802976190476 0.45209643403693933 0.7243314285714286 0.45074266886543535 0.7117974285714286 0.44850803825857516 0.7061700634920636 0.44421240765171505 0.7003623134920635 0.4406056596306068 0.7000466428571429 0.4369389155672823 0.7036055714285714 0.43631567414248024 0.71053475 0.43531481662269134 0.7251905753968254 0.43560208443271764 0.739959138888889 0.44040096437994725 0.7465869047619048