0 0.6262609302788845 0.2260147842105263 0.6271046135458167 0.2151217263157895 0.6268575657370518 0.20500084736842106 0.6264156772908367 0.19295875789473682 0.6222928067729083 0.19072965789473686 0.6195338187250995 0.20194907894736844 0.6208263844621514 0.21853682105263159 0.6237680996015936 0.23601619999999998 0.6262609302788845 0.2260147842105263
0 0.6186949083665338 0.23792770526315787 0.618811545816733 0.22953440526315788 0.6173921952191235 0.22031064736842104 0.6148404163346614 0.22483374210526316 0.6146977828685258 0.2311121789473684 0.6167888187250996 0.24404591578947368 0.6186949083665338 0.23792770526315787
0 0.6352472111553784 0.21981663684210526 0.6361178047808765 0.2140860052631579 0.6357224462151395 0.2054158894736842 0.6341540418326693 0.19949408947368422 0.6309492231075697 0.2036808 0.6316308247011951 0.21278755789473686 0.6338041294820717 0.2246739842105263 0.6352472111553784 0.21981663684210526
0 0.6461643824701195 0.22487355263157893 0.6491877310756973 0.21889745789473683 0.6500583247011952 0.21316682631578948 0.6487718207171315 0.19809544210526317 0.6474572430278884 0.18751894210526315 0.6411642410358566 0.18749906842105263 0.6405194003984063 0.19306987368421052 0.6406004422310756 0.20579823157894736 0.6423546593625498 0.22309564210526314 0.6461643824701195 0.22487355263157893
0 0.6636158824701195 0.20077713684210524 0.6642002330677291 0.19460986842105263 0.6635953306772909 0.18864524210526315 0.6614706494023904 0.18439583157894734 0.6588825976095618 0.1875066157894737 0.6591569760956175 0.19498381052631578 0.6622332928286853 0.20623094736842107 0.6636158824701195 0.20077713684210524
0 0.20358428087649402 0.5753799263157895 0.20351956175298805 0.5652150631578947 0.20203297011952193 0.5569077 0.2010668187250996 0.5473810052631579 0.19958022709163345 0.5390736421052631 0.19749268326693228 0.5311917263157895 0.19388696015936255 0.5337444 0.19557772310756974 0.5504161210526316 0.19786944023904385 0.5666623947368421 0.20106258764940238 0.5822705052631578 0.20358428087649402 0.5753799263157895
0 0.1921178466135458 0.5578104210526316 0.19207364143426295 0.5508676789473684 0.19172896015936255 0.5453 0.18997319123505976 0.5366631157894737 0.18775592231075697 0.5364893210526316 0.18633404780876495 0.5398206157894737 0.1869684203187251 0.5504137315789474 0.1886289402390438 0.5602803894736842 0.19085015936254981 0.5691689263157894 0.1921178466135458 0.5578104210526316
0 0.16125682270916333 0.5918630421052632 0.1612126175298805 0.5849203 0.16064797211155377 0.5771836684210526 0.1598780956175299 0.5695923263157895 0.15776685856573705 0.5617882631578947 0.1548936434262948 0.5638223578947369 0.1560484561752988 0.5752093684210526 0.1580536593625498 0.5906437 0.1600038705179283 0.605535794736842 0.16125682270916333 0.5918630421052632
0 0.16964177290836652 0.5812775578947368 0.16909186055776892 0.5758551736842105 0.16811675498007966 0.5684091263157894 0.16622548207171317 0.5627740157894737 0.16392769920318723 0.5661442421052632 0.16584844023904383 0.5764078421052631 0.16897503984063744 0.589885947368421 0.16964177290836652 0.5812775578947368
0 0.18433385258964144 0.5656457736842105 0.18322324302788842 0.5612015052631579 0.18052578685258966 0.5584618157894736 0.1804600079681275 0.5643200736842106 0.18262623705179282 0.5726663789473684 0.18433385258964144 0.5656457736842105
0 0.24168819322709162 0.5238794315789473 0.24083385657370518 0.5111173578947368 0.24006398207171314 0.5035260210526316 0.23903388446215137 0.4955377368421053 0.23708762151394422 0.48936038947368427 0.23585624302788843 0.49023214210526317 0.23676556972111554 0.503536452631579 0.23939041035856573 0.5272496578947369 0.24198183266932272 0.5376196210526316 0.24168819322709162 0.5238794315789473
0 0.22765535458167332 0.5745944315789474 0.23066407569721117 0.5695585578947369 0.23071511752988047 0.5613860526315789 0.22898092231075698 0.5399481631578947 0.227455906374502 0.5270797315789474 0.22663103984063745 0.518946152631579 0.22542123306772907 0.5070169052631579 0.22266878685258965 0.5037349736842105 0.22078146215139444 0.5068146105263158 0.22152581673306773 0.5184922052631579 0.2217349940239044 0.5270616631578947 0.22203942031872512 0.534401347368421 0.22360469322709162 0.5454977736842105 0.22496473705179285 0.5567394894736842 0.22628452390438247 0.5697532157894737 0.22765535458167332 0.5745944315789474
0 0.22259328087649402 0.5485384789473684 0.22217887250996016 0.5401143157894737 0.2215739701195219 0.5341496947368422 0.22085908565737053 0.5271005947368421 0.2207048984063745 0.5190733736842106 0.21988003187250998 0.5109398 0.21835896215139441 0.5067861105263158 0.21621141832669324 0.509468805263158 0.21529919920318724 0.5199944947368421 0.217484109561753 0.5393697894736842 0.22166632669322708 0.5567499210526315 0.22259328087649402 0.5485384789473684