0 0.6611949661354581 0.42951917368421055 0.6639870517928287 0.42120006315789477 0.665688406374502 0.4121087631578947 0.6675846035856574 0.40109624736842103 0.6644359342629481 0.3937192631578947 0.6599233824701195 0.3997907947368421 0.6579036633466135 0.415863747368421 0.6571434103585657 0.43488749473684213 0.6611949661354581 0.42951917368421055
0 0.6523881593625498 0.42984095263157895 0.6540775438247012 0.4227262263157895 0.6545938824701195 0.4128631842105263 0.6515280139442231 0.4134092631578947 0.6502163386454183 0.41865812631578947 0.6495796115537849 0.43262143684210524 0.6523881593625498 0.42984095263157895
0 0.6701502689243027 0.43602277368421055 0.6719887071713148 0.43221 0.6732870756972111 0.42417917368421054 0.6730494581673307 0.4169788 0.6694816952191235 0.4163708631578947 0.6683485896414343 0.42515797894736845 0.6679813047808765 0.43832297368421047 0.6701502689243027 0.43602277368421055
0 0.678647828685259 0.45482434736842103 0.6823970617529881 0.45364289999999996 0.6842355 0.44983013157894736 0.6859735079681275 0.4350783894736842 0.6868365796812749 0.4241822473684211 0.6813904422310757 0.41585164736842106 0.6797777569721115 0.41982423684210524 0.677439187250996 0.43095437894736843 0.6756849701195219 0.4482517894736842 0.678647828685259 0.45482434736842103
0 0.6983213505976096 0.4570105894736842 0.6999945278884462 0.45244153684210525 0.7005994302788845 0.4464769157894737 0.6995635737051792 0.43999 0.6967335597609562 0.4392650684210526 0.695556171314741 0.4461029736842105 0.6960918984063745 0.45990725789473685 0.6983213505976096 0.4570105894736842
0 0.2290313306772908 0.17370016842105263 0.23089891235059762 0.16481163684210526 0.23118359561752988 0.15565338421052632 0.2321497470119522 0.1461266894736842 0.23243443027888447 0.13696843684210527 0.2321181613545817 0.12738474210526315 0.22851243824701195 0.12483206842105263 0.2268216752988048 0.1415037894736842 0.22573186653386454 0.15860095789473683 0.22554348804780877 0.1763362894736842 0.2290313306772908 0.17370016842105263
0 0.22242601593625497 0.14333676315789473 0.22370159760956176 0.1372657789473684 0.2244567390438247 0.1319886842105263 0.22457066932270917 0.12218945789473686 0.22268334661354583 0.11910982105263158 0.22082154382470118 0.12011643684210527 0.21936625298804782 0.1301283842105263 0.218937109561753 0.14086678947368422 0.21917864741035856 0.15149884210526315 0.22242601593625497 0.14333676315789473
0 0.1892553625498008 0.13205815789473685 0.19053094621513944 0.12598717368421053 0.19150605179282867 0.11854112631578947 0.19227592828685258 0.11094978947368421 0.19192440836653385 0.10140221578947368 0.18905119123505978 0.09936812105263158 0.18789637848605578 0.11075513157894737 0.186712093625498 0.12677063684210527 0.18558280079681275 0.1422439 0.1892553625498008 0.13205815789473685
0 0.19852017131474103 0.1339678263157895 0.19907008167330678 0.12854543684210526 0.19963472908366534 0.12080880526315789 0.19906324302788844 0.1134301894736842 0.19643551394422312 0.1133133947368421 0.196156609561753 0.12473933684210527 0.19631368725099602 0.1405421157894737 0.19852017131474103 0.1339678263157895
0 0.21420209163346612 0.13983931578947367 0.21408132270916333 0.13452328947368422 0.2122637250996016 0.12858716315789473 0.21109812350597612 0.13357367368421053 0.21139465338645416 0.1436634842105263 0.21420209163346612 0.13983931578947367
0 0.27177639840637446 0.1794367052631579 0.27345165338645416 0.1672558 0.2742215298804781 0.15966446315789473 0.2748411673306773 0.15138558947368422 0.2743246733067729 0.14346473684210526 0.27309329482071715 0.14259297894736842 0.27136304780876497 0.15531612105263157 0.26914866733067727 0.1793199105263158 0.26943046215139443 0.19172396842105263 0.27177639840637446 0.1794367052631579
0 0.2500261434262948 0.20481906315789472 0.2535847749003984 0.20443254736842106 0.25517556972111555 0.19742237894736842 0.25773068326693227 0.17656565789473683 0.2588452410358566 0.16340664210526315 0.25967010756972114 0.15527306315789474 0.2608799123505976 0.1433438157894737 0.25911730677290834 0.13686545263157893 0.2569000358565737 0.13703924210526316 0.2553347629482072 0.14813566842105264 0.25389420517928285 0.1558333684210526 0.2527688625498008 0.1625918842105263 0.2520245079681275 0.17426947894736844 0.25107492231075695 0.18580178421052634 0.24975513545816733 0.1988155052631579 0.2500261434262948 0.20481906315789472
0 0.25057316334661356 0.17556667894736844 0.2518084900398406 0.1677236842105263 0.2524133924302789 0.16175906315789473 0.25312827888446215 0.15470996315789473 0.25451384262948207 0.1475545 0.2553387111553785 0.1394209210526316 0.2548074820717131 0.1338143105263158 0.2524399721115538 0.13330057368421053 0.24965805577689243 0.14121099473684212 0.24788360358565736 0.16087687894736843 0.2482164422310757 0.18145344210526315 0.25057316334661356 0.17556667894736844