0 0.37500569689032387 0.6639031879101764 0.3689740561963305 0.6582259061069551 0.3659582358493337 0.6468713425005126 0.3667121909360829 0.6345705652602 0.3697280112830796 0.630785710724719 0.3734977867168255 0.6279470698231084 0.37651360706382214 0.6345705652602 0.37689058460719677 0.6459251288666423 0.37764453969394585 0.6591721197408255
0 0.41401707362174134 0.6846462886073756 0.4059362251857509 0.6625194563444636 0.40226311226030065 0.6367048187043991 0.40226311226030065 0.6053584729986069 0.4059362251857509 0.5776999326699666 0.4110785832813813 0.5592609057842064 0.41915943171737186 0.5518852950299022 0.42650565756827225 0.5537291977184783 0.43532112858935285 0.5481974896527503 0.44193273185516324 0.537134073521294 0.44780971253588364 0.5150072412583819 0.4514828254613339 0.5020999224383497 0.4588290513122344 0.4910365063068936 0.468379144918405 0.4891926036183175 0.47131763525876524 0.5057877278155017 0.47352150301403534 0.522382852012686 0.4742561255991253 0.5481974896527503 0.46911376750349504 0.5721682246042384 0.4720522578438552 0.5850755434242706 0.4764599933543955 0.5998267649328788 0.47352150301403534 0.620109694507215 0.4610329190675046 0.6072023756871828 0.45001358029115374 0.6219535971957909 0.44266735444025324 0.6311731106386711 0.4411981092700732 0.6551438455901594 0.4404634866849831 0.6735828724759196 0.43752499634462294 0.6828023859187996 0.43238263824899265 0.6901779966731038 0.42650565756827225 0.695709704738832 0.4220979220577319 0.695709704738832
0 0.45050600284853487 0.4555296060943149 0.4438711980851422 0.4461620911189998 0.44138314629886993 0.42118205118482627 0.4405537957034458 0.3993245162424244 0.43889509451259767 0.3722628063137364 0.44221249689429404 0.3608136213439067 0.4471330462185078 0.3456194198749788 0.45006355042665747 0.3440233070882654 0.45191671672722 0.3541704995497076 0.4509206781462469 0.36497696133293567 0.4521647040393831 0.38163032128905144 0.45257937933709513 0.39724284624790995 0.45382340523023124 0.4118145362095112 0.45506743112336745 0.42430455617659796 0.45465275582565534 0.43991708113545647
0 0.40945314837504254 0.48675465601203194 0.40945314837504254 0.46906046105865895 0.41152652486360275 0.4472029261162571 0.41069717426817864 0.4253453911738552 0.41069717426817864 0.40973286621499666 0.41608795313843516 0.4107737012122539 0.4185760049247074 0.4253453911738552 0.4185760049247074 0.43991708113545647 0.4173319790315713 0.4555296060943149 0.4156732778407232 0.47322380104768785 0.41442925194758706 0.4836321510202602
0 0.3779378257489271 0.576266465776154 0.37669379985579093 0.5575314358255238 0.3754497739626548 0.51381636594072 0.3737910727718067 0.5023671809708905 0.3725470468786705 0.4825913160230031 0.3725470468786705 0.4659379560668873 0.3737910727718067 0.44095791613271373 0.3787671763443512 0.43783541114094215 0.38084055283291135 0.4534479360998006 0.38084055283291135 0.4742646360449452 0.38084055283291135 0.49091799600106095 0.3812552281306234 0.5054896859626622 0.3812552281306234 0.5190205409270061 0.3812552281306234 0.531510560894093 0.3812552281306234 0.545041415858437 0.3812552281306234 0.5616947758145526
0 0.3681493614003407 0.5529548282342223 0.36513354105334406 0.5406540509939096 0.3632486533364711 0.5226759919503756 0.3632486533364711 0.5075365738084522 0.3636256308798457 0.49428958293426917 0.36701842877021695 0.4895585147649182 0.37003424911721366 0.4923971556665288 0.3711651817473374 0.5009130783713607 0.3722961143774612 0.5169987101471544 0.3730500694642104 0.5264608464858563 0.3738040245509595 0.5397078373600394 0.3738040245509595 0.5482237600648713 0.371542159290712 0.5557934691358329
0 0.49290492330566094 0.4876834046689536 0.49064305804541347 0.47065155925928986 0.49026608050203874 0.45551214111736643 0.4936588783924102 0.4498348593141452 0.49478981102253383 0.46118942292058773 0.49554376610928297 0.4687591319915494 0.49667469873940673 0.48011369559799194
0 0.5362573407937383 0.44037272297544305 0.53474943062024 0.42996437300287077 0.53474943062024 0.417663595762558 0.5370112958804876 0.4129325275932069 0.5392731611407351 0.4252333048335197 0.5392731611407351 0.4328030139044814
0 0.5287177899262467 0.40536281852224526 0.5268329022093737 0.38833097311258136 0.5279638348394975 0.373191554970658 0.5294717450129958 0.36751427316743673 0.5321105878166179 0.36751427316743673 0.532864542903367 0.3798150504077495 0.532864542903367 0.3892771867464516 0.532864542903367 0.4006317503528941
0 0.46649437578361375 0.4293374837252998 0.46375272092270753 0.41557437632355115 0.4613537729194148 0.4000908804965841 0.46238189349225456 0.38632777309483557 0.46649437578361375 0.3828869962443985 0.46855061692929323 0.3940695210083191 0.4699214443597463 0.4018112689218027 0.4699214443597463 0.4104132110478955 0.469161492055093 0.4234379805433028
0 0.4636696540502101 0.35438123557662526 0.46253872142008634 0.33924181743470194 0.465554541767083 0.3222099720250381 0.47083222737432723 0.3212637583911679 0.470078272287578 0.33545696289922106 0.4693243172008289 0.3449190992379232
0 0.4806336435020665 0.32315618565890836 0.4776178231550697 0.30707055388311477 0.4783717782418189 0.29382356300893175 0.47987968841531725 0.2843614266702296 0.48364946384906315 0.27963035850087864 0.48855017191293276 0.27963035850087864 0.4896811045430565 0.290038708473451 0.4889271494563073 0.30517812661537436 0.4866652841960598 0.31653269022181685