0 0.3765564282868526 0.6537880300000001 0.3758946952191235 0.64051003 0.37559672509960157 0.62914068 0.3726274183266932 0.622386085 0.3688384800796813 0.625059155 0.36579680278884463 0.628711325 0.3649574322709163 0.6409771999999999 0.3678938446215139 0.6524621449999999 0.3738850916334661 0.65840278 0.3765564282868526 0.6537880300000001
0 0.42074898804780875 0.692267355 0.42515605179282867 0.69246044 0.4310705996015936 0.6871870149999999 0.4362634601593625 0.680037795 0.4392656075697211 0.6709484050000001 0.4401283266932271 0.65254437 0.4417640199203187 0.628641645 0.4491732310756972 0.61974534 0.46029346015936257 0.605479075 0.47269039442231076 0.618931495 0.47576946812749005 0.59878038 0.4714649721115538 0.58383832 0.4686166752988048 0.570804245 0.473924922310757 0.547062425 0.4733699043824701 0.52121954 0.47128176095617524 0.5045304 0.46845910557768927 0.48780907999999995 0.45889764541832667 0.48923435499999995 0.4514756135458167 0.49997428 0.4477133147410359 0.51271873 0.4416833764940239 0.53458475 0.4349958545816733 0.545356855 0.42614326294820715 0.550501555 0.4188109780876494 0.54833613 0.41068007569721116 0.55535663 0.40541029282868524 0.5735675849999999 0.40154542430278883 0.60106101 0.40132746812749004 0.6324025799999999 0.4048205298804781 0.65837419 0.41274629681274905 0.6808516400000001 0.42074898804780875 0.692267355
0 0.4550774282868526 0.43793977 0.4556005956175299 0.42234779000000006 0.4544436055776892 0.40980517499999997 0.45330108764940236 0.39518121 0.45299503187250995 0.37955289999999997 0.4518669880478088 0.36284757999999995 0.4529380139442231 0.35208639499999994 0.45115568525896416 0.34185957 0.44821452988047805 0.343327065 0.4431890816733068 0.35830340499999996 0.439792577689243 0.36960552999999996 0.4412628605577689 0.396735775 0.44194010756972113 0.41862631499999997 0.44425408964143426 0.44371153999999996 0.45082275099601593 0.45336827 0.4550774282868526 0.43793977
0 0.414556093625498 0.47988617 0.41587230079681275 0.4695339 0.41765377888446215 0.45191506 0.419006171314741 0.43635941 0.41910749003984066 0.42178994000000003 0.4167211374501992 0.40711148 0.41133841633466134 0.40583465500000004 0.4112298605577689 0.421444805 0.4119071055776892 0.44333534 0.4096820657370518 0.46509872 0.4095590358565737 0.48279022 0.414556093625498 0.47988617
0 0.3808443406374502 0.5564837 0.38096013346613544 0.539832875 0.38105421513944226 0.526304085 0.381141061752988 0.513815965 0.38123514342629483 0.50028717 0.3809218505976096 0.48569953499999996 0.3810376434262948 0.46904871 0.38118238446215136 0.44823518 0.3792178804780877 0.43253421000000003 0.37422082270916335 0.43543826 0.372803296812749 0.46036 0.37268750398406375 0.47701082 0.3737938346613546 0.49683816999999997 0.3753726772908367 0.50835827 0.37631255577689243 0.55212118 0.3774261235059761 0.57090785 0.3808443406374502 0.5564837
0 0.3711737828685259 0.550157805 0.373487938247012 0.54268833 0.3735471494023904 0.5341737049999999 0.3728854183266932 0.520895705 0.3721973705179283 0.511401985 0.3711784541832669 0.49526926000000004 0.370106906374502 0.48670509500000003 0.3671112828685259 0.483734775 0.3636861075697211 0.48831650000000004 0.363217077689243 0.50154496 0.36311181075697213 0.51668207 0.36487140836653387 0.53473996 0.3678012390438247 0.547170975 0.3711737828685259 0.550157805
0 0.49681347808764936 0.47997106 0.4957616673306773 0.46856867999999996 0.49506046015936256 0.4609671 0.4940086494023905 0.44956472499999994 0.4905768944223107 0.455092515 0.4908485478087649 0.470246145 0.4929916434262948 0.48737447500000003 0.49681347808764936 0.47997106
0 0.5397344103585657 0.43453363 0.5397870438247012 0.426965075 0.5376110517928286 0.41456708999999997 0.5353166354581673 0.41919835499999997 0.5352311055776893 0.431497255 0.5366664163346614 0.44197007499999996 0.5397344103585657 0.43453363
0 0.5335504601593626 0.40208653499999997 0.5336294103585657 0.39073369999999996 0.5336952011952191 0.38127300499999994 0.533026890438247 0.36894107499999995 0.5303884501992032 0.368825475 0.5288412948207172 0.37443584 0.5276052669322709 0.38952340999999996 0.5293714422310757 0.40663522999999996 0.5335504601593626 0.40208653499999997
0 0.46969853585657373 0.422098745 0.47054893625498007 0.40910925 0.47060874701195216 0.400508615 0.46929195816733066 0.392708 0.46731378286852593 0.3814371 0.46317800199203185 0.384697205 0.4620543426294821 0.39841318000000003 0.46434526494023903 0.413999405 0.4669908067729084 0.427880515 0.46969853585657373 0.422098745
0 0.4704072908366534 0.343598955 0.47122692231075697 0.334171285 0.47207945019920317 0.32001327 0.46679598804780875 0.32072815 0.463662203187251 0.33762529 0.4646876972111554 0.35281194499999996 0.4704072908366534 0.343598955
0 0.48794299003984065 0.3159765 0.4902834621513944 0.304722745 0.4911425677290837 0.28961866 0.4900841792828685 0.279162355 0.4851842171314741 0.27894768 0.48138211952191234 0.28351289 0.4798086474103586 0.29290752999999997 0.4789626992031873 0.306119475 0.4818662151394422 0.322334765 0.48794299003984065 0.3159765