0 0.3807003804780877 0.581796715 0.37988501394422314 0.568704205 0.37945539840637454 0.55742688 0.3764088725099602 0.551421295 0.3726522569721116 0.55503232 0.3696539820717131 0.559435085 0.36895705179282867 0.5718903399999999 0.37202551195219125 0.5826269949999999 0.3780834701195219 0.587068455 0.3807003804780877 0.581796715
0 0.4253231474103586 0.60922627 0.42973088247011954 0.60832317 0.435582219123506 0.60158733 0.4406903844621514 0.593158105 0.44358613545816733 0.583336525 0.4442352768924303 0.564746985 0.4455933964143426 0.5404752150000001 0.4528968804780876 0.529750535 0.46384783466135454 0.51274157 0.4763962549800797 0.5230901099999999 0.47924071713147415 0.502205115 0.47476459561752987 0.48835699 0.47176626892430273 0.476051735 0.4767975019920319 0.451027385 0.47594320517928285 0.425363265 0.47366240637450197 0.40921968999999997 0.4706469820717131 0.39322662999999997 0.4611054362549801 0.39702725 0.4538105 0.40959583 0.4501972231075697 0.42325573 0.44442282071713146 0.44658669500000003 0.4378625059760956 0.45900475999999996 0.4290726792828685 0.46634266500000005 0.42171790438247014 0.466003925 0.41367124900398405 0.47503522 0.40861437250996013 0.49452786000000004 0.40506948007968124 0.522938985 0.4052147988047809 0.55428533 0.4090075836653387 0.579347385 0.4171910099601594 0.599818535 0.4253231474103586 0.60922627
0 0.45669215737051794 0.34676350499999997 0.4570344561752988 0.331066015 0.4557325278884462 0.318830885 0.4544209482071713 0.30451408 0.4539338964143427 0.28898651999999997 0.4526126673306773 0.272588045 0.4535586075697211 0.261577505 0.4516584003984064 0.25181001 0.4487352948207171 0.25400655 0.44388518525896414 0.27020892 0.4406208585657371 0.28233781 0.442405015936255 0.30905966500000004 0.4433356952191235 0.330747275 0.44593955179282874 0.35521754 0.4526177828685259 0.36322565500000004 0.45669215737051794 0.34676350499999997
0 0.4166713107569721 0.398719945 0.4178670856573705 0.38805670999999997 0.41944375896414343 0.370022665 0.420615406374502 0.35415525000000003 0.4205478545816733 0.33958356 0.4179922490039841 0.325521645 0.4125966454183267 0.325585325 0.4126690239043825 0.34119785 0.413599703187251 0.36288546 0.41162765537848606 0.38516781 0.41170968326693225 0.402862005 0.4166713107569721 0.398719945
0 0.38385917729083663 0.48357958 0.3837819741035856 0.46692622 0.3837192470119522 0.453395365 0.38366134462151397 0.44090534499999995 0.3835986175298805 0.42737449 0.3831163884462151 0.41288776499999996 0.38303918525896413 0.396234405 0.3829426812749004 0.375417705 0.3807969282868526 0.36022999 0.37583530079681277 0.36437205 0.37470707768924305 0.389606975 0.374784280876494 0.406260335 0.3761199860557769 0.425781315 0.3778317629482072 0.43689065 0.3792784482071713 0.48035083 0.38060932669322706 0.49883097 0.38385917729083663 0.48357958
0 0.37411874900398406 0.47966838 0.3763455239043825 0.47163524 0.3763060438247012 0.463119315 0.3754906772908366 0.4500268 0.37469285657370516 0.440719145 0.3734873545816733 0.42486523 0.3723169422310757 0.41658101999999997 0.3692879621513944 0.41436028999999996 0.36591709760956176 0.41978650500000003 0.36560153187251 0.43311073499999997 0.36567171513944224 0.448250155 0.3676399462151394 0.46584201999999997 0.3707127928286853 0.47752489 0.37411874900398406 0.47966838
0 0.49890044621513946 0.37835026 0.4977168764940239 0.367227415 0.496927828685259 0.35981218499999995 0.49574425697211155 0.348689335 0.49237777888446216 0.35506176500000003 0.49282494023904383 0.370123945 0.49516576494023906 0.38669235999999996 0.49890044621513946 0.37835026
0 0.5412795836653387 0.322311605 0.5412444900398405 0.314741895 0.5389256015936256 0.30290455 0.5366856673306772 0.30809905 0.5367426932270917 0.320399825 0.5382988545816733 0.33049922000000004 0.5412795836653387 0.322311605
0 0.5347218227091634 0.29145340000000003 0.5346691852589641 0.280098835 0.5346253187250997 0.2706367 0.5338143386454184 0.2584904 0.5311754960159363 0.25903107 0.5296939043824701 0.265017305 0.528633157370518 0.28038844 0.5305970019920319 0.29703409000000003 0.5347218227091634 0.29145340000000003
0 0.47112449800796813 0.327311715 0.4718240697211155 0.31413124 0.47178419322709164 0.30552929500000003 0.47037747609561753 0.29806841500000003 0.4682693924302789 0.287307195 0.46417286254980084 0.291590575 0.46320854581673304 0.305564335 0.4656792729083665 0.32055630999999996 0.4684847310756972 0.33375768 0.47112449800796813 0.327311715
0 0.47092332071713144 0.24875947 0.47163341035856576 0.23914286 0.4723215677290836 0.224795175 0.46704826693227086 0.22682272999999997 0.4641114043824701 0.24447249 0.46531252191235056 0.25938019 0.47092332071713144 0.24875947
0 0.48813269123505976 0.21682008 0.4903419183266932 0.205002085 0.4910256892430279 0.18970819 0.4898465039840637 0.179531555 0.484945796812749 0.18053566 0.48119795418326694 0.18603911499999998 0.4797339083665339 0.19581020500000001 0.4790413645418327 0.20921167499999999 0.4821317569721116 0.224679395 0.48813269123505976 0.21682008