0 0.376116671314741 0.71991553 0.3753934203187251 0.706547265 0.3750427609561753 0.6951320649999999 0.3720422928286853 0.6880234799999999 0.368265938247012 0.69025576 0.365241344621514 0.69355553 0.3644588784860558 0.705735035 0.36744838047808764 0.717574685 0.3734668625498008 0.7242221449999999 0.376116671314741 0.71991553
0 0.42048536454183266 0.7636033550000001 0.4248930996015936 0.7643123350000001 0.43078290239043826 0.759725925 0.43594235657370517 0.753177455 0.4389022151394422 0.74443059 0.439679577689243 0.726109725 0.4412043824701195 0.7023753150000001 0.4485719780876494 0.69433743 0.45962550796812746 0.68135865 0.47208417529880475 0.6962747349999999 0.47506967928286853 0.676464455 0.4706961334661354 0.661004255 0.467787561752988 0.647624285 0.4729854800796813 0.62448069 0.4723106932270916 0.59854789 0.4701452908366534 0.58159828 0.46724526494023905 0.564530505 0.45769089641434263 0.56483829 0.4503190278884462 0.5747200800000001 0.44661599800796814 0.587036585 0.4406877290836654 0.60821812 0.43405048406374497 0.61821807 0.4252221912350598 0.622331825 0.4178802390438247 0.619306295 0.40978229482071715 0.62538212 0.40459719721115533 0.642994005 0.4008599760956175 0.670061735 0.4007873187250996 0.7014080800000001 0.4044005976095617 0.7278135299999999 0.4124301593625498 0.75124015 0.42048536454183266 0.7636033550000001
0 0.4536330896414343 0.513047115 0.45408395219123504 0.49750129 0.4528688764940239 0.48481117500000004 0.45165862549800795 0.470039385 0.45128013745019924 0.45436016 0.4500747131474104 0.43750669999999997 0.45109579880478085 0.42686045 0.4492661533864542 0.41641518 0.4463319482071713 0.41753992500000003 0.4413761812749004 0.431942665 0.4380322410358566 0.44285825 0.4396282171314741 0.47018676 0.44040690438247015 0.492177695 0.4428370557768924 0.517557935 0.4494501494023904 0.527992645 0.4536330896414343 0.513047115
0 0.4133082609561753 0.55029231 0.41457641035856574 0.54008406 0.41627612549800797 0.522656665 0.4175563386454183 0.50724424 0.4175901135458167 0.49267255 0.41513583665338644 0.47770066 0.4097474701195219 0.47579273 0.4097112828685259 0.49140525500000004 0.41048997011952193 0.51339619 0.40836593227091633 0.534920225 0.4083249183266932 0.55261442 0.4133082609561753 0.55029231
0 0.3799532988047809 0.62301896 0.3799918984063745 0.6063656000000001 0.38002326095617533 0.592834745 0.3800522111553785 0.580344725 0.38008357370517926 0.56681387 0.3797026733067729 0.55217548 0.37974127290836657 0.53552212 0.3797895239043824 0.51470542 0.3777523346613546 0.498759395 0.37276899402390434 0.501081505 0.37146706772908367 0.525861445 0.37142846812749003 0.542514805 0.37262665537848605 0.56249077 0.3742588187250996 0.57420675 0.3754015199203187 0.61812192 0.3766021195219123 0.63705705 0.3799532988047809 0.62301896
0 0.3702539083665338 0.615555325 0.37253331872509965 0.6083494300000001 0.37255305776892433 0.59983351 0.37182980677290833 0.586465245 0.3710977828685259 0.576881835 0.37000413545816735 0.560614295 0.36889294023904384 0.551916465 0.3658837011952191 0.548592735 0.36247993625498004 0.55277808 0.36207225498007967 0.565964435 0.36203716334661357 0.58110385 0.36388038047808763 0.5993850900000001 0.3668676892430279 0.612170955 0.3702539083665338 0.615555325
0 0.4955618625498008 0.56000288 0.49445724701195215 0.54846641 0.4937208386454183 0.54077543 0.4926162231075697 0.529238955 0.4892102669322709 0.534370515 0.4895521533864542 0.549570565 0.49177454183266933 0.56696623 0.4955618625498008 0.56000288
0 0.5382699840637449 0.51954408 0.5382875298804781 0.511974375 0.5360541752988048 0.49930978000000004 0.5337813446215139 0.50367703 0.5337528326693227 0.515977805 0.5352366175298805 0.5266287 0.5382699840637449 0.51954408
0 0.5319359342629482 0.48634200499999997 0.5319622529880478 0.47498744000000004 0.5319841852589642 0.46552530500000006 0.5312587410358566 0.453103255 0.5286198984063745 0.4526788 0.5270988286852589 0.45811354000000004 0.5259328047808765 0.47307105 0.5277782151394422 0.490406075 0.5319359342629482 0.48634200499999997
0 0.46818002191235064 0.49890172 0.46897016334661357 0.485999185 0.4689901015936255 0.477397245 0.467637219123506 0.469435 0.4656068964143426 0.457921735 0.4614864402390438 0.460701025 0.46042641832669323 0.47429876 0.46278947808764936 0.490168125 0.4654992310756972 0.50437222 0.46818002191235064 0.49890172
0 0.4685248426294821 0.42040903 0.4693007290836653 0.411068165 0.47008758366533865 0.39699623 0.464807703187251 0.39709353999999997 0.461752406374502 0.413640295 0.46284824701195215 0.42896162 0.4685248426294821 0.42040903
0 0.4859316055776893 0.39481188 0.4882197888446215 0.38382113500000004 0.4890088346613546 0.36880299 0.4879020278884462 0.35821273 0.4830013187250996 0.35742446 0.479220577689243 0.361549165 0.4776907370517928 0.37076876 0.47690607569721116 0.383894475 0.47988461155378487 0.4004652 0.4859316055776893 0.39481188