0 0.38236621115537844 0.68020745 0.3812459402390438 0.667124735 0.3805543207171315 0.655863835 0.37736177091633466 0.64978451 0.37368006772908363 0.653276285 0.370776780876494 0.6575799550000001 0.37036651792828684 0.669982775 0.3736905517928287 0.680781645 0.3798652788844622 0.6853890250000001 0.38236621115537844 0.68020745
0 0.4277267390438247 0.7088727450000001 0.43212373705179286 0.7081010000000001 0.43783266733067727 0.70155377 0.4427575199203187 0.69329576 0.4454326294820717 0.683584205 0.445653015936255 0.6650614699999999 0.4464525019920319 0.64089188 0.453524609561753 0.630408585 0.4641071474103586 0.613763935 0.4769240219123506 0.6244532 0.47929166334661355 0.60370518 0.47448470717131475 0.58976164 0.47119466334661353 0.57740026 0.475658312749004 0.5525875450000001 0.4742080537848606 0.526964415 0.47154835258964145 0.5107955900000001 0.4681558187250996 0.494755385 0.4586802330677291 0.49826690999999995 0.45165937051792826 0.51058962 0.44835391832669325 0.524108615 0.4431061892430279 0.54721054 0.4368181593625498 0.559404625 0.4281778964143426 0.56646635 0.42079832071713147 0.56591318 0.4129421354581673 0.57468569 0.40832475099601595 0.59398017 0.4054292569721116 0.622214455 0.40630041633466135 0.65348444 0.4106820059760956 0.678593075 0.41935810756972114 0.6992511450000001 0.4277267390438247 0.7088727450000001
0 0.45309343027888443 0.44800323 0.4530732011952191 0.432356135 0.45148508964143425 0.420114355 0.449839125498008 0.405795975 0.4489915657370518 0.390294085 0.447287750996016 0.37389911 0.44798103585657373 0.362944575 0.4458503784860558 0.35314657 0.4429713705179283 0.35525188999999996 0.438485077689243 0.371270615 0.4354939442231076 0.38327275 0.4379006892430279 0.40997812000000006 0.4393354701195219 0.4316372 0.44251169322709166 0.45612076 0.4493906713147411 0.464303775 0.45309343027888443 0.44800323
0 0.414182812749004 0.4986545 0.41513454382470116 0.488053685 0.41629745816733066 0.470112175 0.4171045597609562 0.454319865 0.41669959163346615 0.43978366999999996 0.4138126334661355 0.425683105 0.4084060597609562 0.42558867 0.40883995418326696 0.441163165 0.410274735059761 0.46282224499999997 0.4088138625498008 0.484989565 0.409305609561753 0.502640655 0.414182812749004 0.4986545
0 0.3832590697211155 0.582335365 0.38279624900398407 0.56572257 0.38242020717131475 0.552224675 0.38207309163346614 0.53976508 0.38169704980079683 0.526267185 0.3808784183266932 0.5118036 0.38041559760956173 0.495190805 0.3798370717131474 0.474424815 0.3773348505976096 0.459213345 0.3724576474103585 0.46319950499999996 0.37191088247011955 0.48833651000000006 0.372373703187251 0.5049492999999999 0.37416429880478086 0.52445918 0.37613714940239046 0.535590055 0.3785930478087649 0.5789808200000001 0.38035471713147406 0.5974524 0.3832590697211155 0.582335365
0 0.373405655378486 0.57814908 0.3754516394422311 0.570201785 0.37521496812749 0.5617066049999999 0.37409469721115535 0.548623895 0.37307961354581676 0.5393168150000001 0.3715043924302789 0.52346838 0.3701395458167331 0.5151712150000001 0.3670521812749004 0.512867525 0.3637991314741036 0.51818111 0.3637912250996016 0.531461835 0.3642119701195219 0.546564375 0.36659190239043826 0.56416862 0.3699422330677291 0.575911395 0.373405655378486 0.57814908
0 0.4961301294820717 0.48074436 0.4946863924302789 0.46961547000000003 0.4937239023904383 0.46219620999999994 0.4922801653386454 0.45106732 0.4890534103585657 0.45732481 0.4898502151394422 0.472361345 0.49257991035856574 0.488955675 0.4961301294820717 0.48074436
0 0.5373099940239044 0.42609041499999994 0.5370996215139442 0.418539145 0.5345014083665338 0.40666435999999995 0.5323765358565736 0.41177993 0.5327183924302789 0.42405074 0.5345118924302789 0.43416972000000004 0.5373099940239044 0.42609041499999994
0 0.5300229003984064 0.39511959500000005 0.5297073426294822 0.38379269 0.5294443764940239 0.37435360500000003 0.5283504003984064 0.3622148 0.5257179860557769 0.36267683 0.5243715298804781 0.3686043 0.5236640976095617 0.383904855 0.526017733067729 0.40056519 0.5300229003984064 0.39511959500000005
0 0.467108844621514 0.42902396000000004 0.4675049701195219 0.415897855 0.46726591035856574 0.40731687 0.4656832669322709 0.399833995 0.4633212569721115 0.389038735 0.45931441633466136 0.39319118000000003 0.45867129681274904 0.40710077499999997 0.4614947091633466 0.422126525 0.46461218127490045 0.43537607 0.467108844621514 0.42902396000000004
0 0.4650891235059761 0.350667835 0.4655782749003984 0.34109674 0.4659359442231076 0.3268061 0.46069741035856576 0.32867407 0.4581622768924303 0.346192465 0.45971119920318726 0.36109699 0.4650891235059761 0.350667835
0 0.4815989482071713 0.319314365 0.4835397450199203 0.307591435 0.4838711175298805 0.292356885 0.48245367729083666 0.282171905 0.477564906374502 0.283029965 0.473935796812749 0.28840955 0.47269452589641436 0.298112655 0.472310561752988 0.31145939 0.47576607768924306 0.32697780000000004 0.4815989482071713 0.319314365