3 0.5897639828496042 0.7857180405405405 0.589056191292876 0.7988156554054054 0.5896400329815303 0.813627972972973 0.5927551055408972 0.8157798918918918 0.5959869089709763 0.8158670270270271 0.5996842810026385 0.8166974256756756 0.6036077546174142 0.8154798040540541 0.6063244828496042 0.8170727635135134 0.6086662097625329 0.8167573783783784 0.6093644670184696 0.8125782027027026 0.6100323786279683 0.8067039864864864 0.6092538377308707 0.79939125 0.6085642823218997 0.7949113783783783 0.6060243496042217 0.7919853445945946 0.6042759459102902 0.7931900405405405 0.6034296886543535 0.7880192500000001 0.6024579960422164 0.7783719054054055 0.6008999815303431 0.7721042635135136 0.5992558192612137 0.777528054054054 0.597886018469657 0.78740325 0.5958108509234828 0.7819545067567567 0.5946249208443272 0.768035472972973 0.5921090606860159 0.7608802702702703 0.5906602915567283 0.7687361283783783 0.5897639828496042 0.7857180405405405
3 0.49503995382585747 0.798092472972973 0.49459222163588396 0.8091233581081081 0.4951119604221636 0.8181664324324325 0.49728943403693926 0.8239433175675676 0.5008299591029024 0.8250122094594594 0.5044169907651714 0.811334445945946 0.5040561055408971 0.7911396621621621 0.5025773759894459 0.7878529932432432 0.5017682467018469 0.7803664121621622 0.5010989036939314 0.7647903513513514 0.5013674802110818 0.7421751959459459 0.49923612269129286 0.7278713175675675 0.49836725725593667 0.7515812094594595 0.49757237335092347 0.764606804054054 0.49656629815303427 0.7808537297297297 0.49503995382585747 0.798092472972973
3 0.6373086754617414 0.7954337905405405 0.6394570145118733 0.7974343310810811 0.642386568601583 0.7954337905405405 0.6447302124010554 0.7914327094594594 0.6447302124010554 0.7854310810810811 0.6435583905013192 0.7744280945945946 0.6427771754617414 0.7604242972972972 0.642386568601583 0.7504215878378379 0.6414100501319262 0.738418331081081 0.6398476213720317 0.7324167027027026 0.6375039788918206 0.7334169729729729 0.6355509419525066 0.7364177905405406 0.6335979063324538 0.7434196891891892 0.6334026029023746 0.7574234864864865 0.6339885131926121 0.7734278243243243 0.63476972823219 0.7874316216216216 0.6373086754617414 0.7954337905405405
3 0.41327706728232194 0.836172445945946 0.41608476385224274 0.8366312567567568 0.4209286556728232 0.8295430945945946 0.4216206411609498 0.817138804054054 0.42058266358839047 0.7994183851351351 0.41885270184696566 0.7941022635135135 0.41573877176781004 0.8029624662162161 0.41124087203166226 0.8047345135135135 0.41089487994722956 0.8189108445945945 0.41089487994722956 0.8277710472972973 0.41327706728232194 0.836172445945946
3 0.3869427071240106 0.8477151891891892 0.38836061213720313 0.840453222972973 0.3881242941952507 0.8271396148648649 0.3881242941952507 0.8138259999999999 0.3876516596306069 0.801722722972973 0.3857611200527704 0.79446075 0.38363426385224275 0.8089846891891892 0.38292531266490765 0.8247189594594595 0.3833979472295514 0.840453222972973 0.3869427071240106 0.8477151891891892
3 0.3708661345646438 0.836476445945946 0.37243179155672823 0.8287057432432432 0.37243179155672823 0.8141563445945945 0.37243179155672823 0.7977882702702703 0.3701236583113457 0.7941509189189189 0.3690583654353562 0.8032442972972973 0.3687032678100264 0.8159750202702702 0.36888081662269123 0.8314337567567567 0.3708661345646438 0.836476445945946
3 0.3383633957783641 0.8537265405405405 0.34187886015831137 0.854073081081081 0.34246477176781004 0.8400692837837838 0.34070703825857523 0.8300665743243243 0.33992582453825854 0.816062777027027 0.3385586992084433 0.8070603378378378 0.3368009656992084 0.8110614189189189 0.3364103588390501 0.8220644054054054 0.3356291451187335 0.8340676554054054 0.3360197519788918 0.8460709121621622 0.3383633957783641 0.8537265405405405
3 0.6141046569920844 0.7975548581081081 0.6147502889182058 0.7925948378378378 0.6145888799472295 0.7843281283783784 0.6137818403693932 0.7760614256756757 0.6125127282321899 0.7733275405405405 0.6110379063324538 0.7735814121621621 0.6089396029023747 0.7810214459459459 0.6086727058047494 0.7876348108108108 0.6098247453825858 0.7964710878378378 0.611683536939314 0.7975548581081081 0.6141046569920844 0.7975548581081081
3 0.6561607308707125 0.7981431824324324 0.6569807269129287 0.7986098108108108 0.6578918324538259 0.7986098108108108 0.6589851596306069 0.796276641891892 0.6595318232189974 0.7920769391891891 0.6592584907651715 0.7855440675675676 0.6583473852242744 0.7818109932432432 0.6575273905013193 0.7766780202702702 0.6570718377308707 0.7715450472972972 0.6570718377308707 0.7650121756756757 0.6564340633245382 0.7612791013513514 0.655614067282322 0.7608124662162162 0.6547029617414247 0.7622123716216216 0.6537918562005277 0.7645455405405405 0.653609635883905 0.7682786081081081 0.653609635883905 0.7710784121621622 0.6537918562005277 0.7780779189189189 0.6544296306068601 0.7850774324324324 0.6549209261213721 0.792437972972973 0.6561607308707125 0.7981431824324324
3 0.6741809670184696 0.7930055202702703 0.677378036939314 0.7935701486486486 0.6798034010554089 0.7896177567567567 0.6805751081794196 0.7822776081081081 0.6802443759894459 0.7738082027027027 0.6800238891820581 0.7670326756756757 0.6793624261213721 0.7591278986486486 0.6780395 0.7523523716216216 0.6766063311345647 0.7495292364864865 0.6749526741424802 0.7506584932432433 0.6737399920844327 0.7557401351351352 0.6725273100263852 0.7630802905405406 0.6716453601583113 0.7698558108108108 0.6709838970976253 0.7766313378378379 0.6716453601583113 0.7907470135135135 0.6741809670184696 0.7930055202702703
3 0.6956664802110818 0.7983619932432432 0.6963940897097625 0.8014674391891892 0.6983343799472295 0.802088527027027 0.7001534036939314 0.7983619932432432 0.7000321345646439 0.7940143648648649 0.699547062005277 0.7896667364864864 0.6990619894459104 0.7840769256756757 0.6986981846965699 0.7797292972972972 0.6984556490765171 0.7735183986486487 0.6979705765171503 0.7691707770270271 0.6974855026385225 0.7660653243243243 0.6965153575197889 0.7673075067567567 0.6957877493403694 0.7722762229729729 0.6955452124010554 0.7822136554054054 0.6949388720316622 0.7915300067567568 0.6956664802110818 0.7983619932432432
3 0.6654335118733509 0.7985760067567568 0.6671115356200528 0.7992987297297297 0.6686880224274406 0.7943300135135135 0.668809290237467 0.787498027027027 0.6679604129287599 0.782529304054054 0.6669902678100263 0.7788027702702702 0.6661413905013193 0.7732129594594594 0.6649287084432718 0.7676231554054054 0.6629884168865435 0.7713496891891892 0.6617757361477573 0.7769395 0.6621395395778364 0.7837714864864865 0.6632309538258575 0.7862558445945946 0.6646861715039578 0.787498027027027 0.6646861715039578 0.7943300135135135 0.6654335118733509 0.7985760067567568
3 0.6886080277044855 0.8024615202702702 0.6896247374670185 0.8023460405405405 0.6909476622691293 0.8006521554054055 0.6913886385224275 0.7955705135135135 0.6912783944591029 0.7893596148648648 0.6918296134564643 0.7848426013513514 0.6926013192612137 0.7797609594594594 0.6926013192612137 0.7752439391891892 0.6918296134564643 0.7741146891891891 0.6905066873350925 0.7741146891891891 0.6897349815303431 0.7763731959459459 0.6892940052770449 0.783148722972973 0.688412055408971 0.7876657364864865 0.6874198614775726 0.7933120067567568 0.6876403496042217 0.8000875337837837 0.6886080277044855 0.8024615202702702