3 0.5879788733509235 0.6274178310810811 0.5872413245382585 0.6407054256756757 0.5877915131926121 0.6553610337837837 0.5909016965699209 0.6566768243243243 0.5941333034300792 0.6558965 0.5978287875989446 0.6557344797297298 0.6017550277044855 0.6534637432432432 0.6044681372031663 0.6543275 0.6068105791556728 0.6533835675675675 0.6075183324538259 0.6490169662162163 0.6081995897097625 0.6429634797297298 0.6074376622691293 0.6358597162162162 0.6067582862796833 0.6315649256756757 0.6042250013192612 0.6293206418918919 0.6024738601583114 0.6309946351351352 0.6016393509234829 0.6260509864864865 0.6006895751978892 0.6166644527027028 0.5991458021108179 0.6108150067567568 0.5974893166226913 0.6166801148648648 0.596097080474934 0.6269229797297297 0.5940342915567282 0.6220312364864865 0.5928799841688654 0.608430527027027 0.5903803812664907 0.6019506081081081 0.5889137638522427 0.6101953378378379 0.5879788733509235 0.6274178310810811
3 0.4932267295514512 0.6652174054054054 0.4927539366754617 0.676368472972973 0.49325312928759896 0.6852720337837838 0.4954174788918206 0.6904644662162162 0.498955573878628 0.690583027027027 0.5025736820580475 0.6759424594594595 0.5022586781002639 0.6558445472972974 0.5007874155672823 0.6529547837837838 0.4999952955145119 0.6456853851351351 0.4993613403693931 0.6302889797297297 0.4996812981530343 0.6076017364864864 0.49758243667546176 0.593869945945946 0.49665970448548813 0.617813054054054 0.49583522823218995 0.6310520067567568 0.4947922401055409 0.647568972972973 0.4932267295514512 0.6652174054054054
3 0.6355014907651715 0.624371972972973 0.6376452862796834 0.6257958783783784 0.6405793852242744 0.6230090067567567 0.6429321187335093 0.6183788581081081 0.6429457546174143 0.6123772297297296 0.6417989313984169 0.6016887770270269 0.6410495316622692 0.5878946689189188 0.6406816503957783 0.5779967972972972 0.6397324036939315 0.5662556554054053 0.6381836094986807 0.5606734054054054 0.6358376939313984 0.5623027364864864 0.6338778403693931 0.5658277702702702 0.6319088957783641 0.5733538918918919 0.631681777044855 0.5874101081081081 0.6322313258575197 0.6032571824324324 0.6329807242744063 0.6170512905405405 0.6355014907651715 0.624371972972973
3 0.4113773284960422 0.7252435878378378 0.4141839828496042 0.724948777027027 0.41904397757255935 0.7165604459459459 0.4197641437994723 0.703970418918919 0.41876642744063325 0.6865286081081081 0.41704854353562004 0.6816768310810811 0.41391448416886545 0.6913728581081081 0.40941255804749344 0.6943521891891892 0.40903435751978895 0.7086213918918919 0.40901422823218997 0.7174816013513513 0.4113773284960422 0.7252435878378378
3 0.38501674406332453 0.7438548108108108 0.3864511464379948 0.7362122567567567 0.3862450765171504 0.7229620810810811 0.3862753245382586 0.7096484662162162 0.3858301886543536 0.6976720472972974 0.38395614775725595 0.690917527027027 0.38179629419525063 0.7060123378378378 0.38105159366754615 0.7219368986486486 0.38148848153034304 0.7375442972972973 0.38501674406332453 0.7438548108108108
3 0.3689657044854881 0.736931222972973 0.37054901583113453 0.728740277027027 0.3705820712401055 0.7141908783783784 0.3706192585751979 0.6978228040540541 0.3683193891820581 0.6948049864864865 0.36723343667546177 0.7041843040540541 0.36684941556728234 0.7170103378378379 0.3669918430079156 0.7324214189189189 0.3689657044854881 0.736931222972973
3 0.3364237730870712 0.7629054662162162 0.33993845118733507 0.7623084121621622 0.3405561781002639 0.7481473513513514 0.3388211715039578 0.7386164391891892 0.3380717730870712 0.7248223310810811 0.3367251002638523 0.7161868445945946 0.33495827704485487 0.720659722972973 0.334542672823219 0.731767554054054 0.33373418733509236 0.7439804932432432 0.3340975237467019 0.7558789054054055 0.3364237730870712 0.7629054662162162
3 0.6122926543535621 0.6327212972972973 0.612949555408971 0.6275879797297297 0.6128069287598945 0.6193646013513513 0.6120186701846966 0.6113145135135135 0.6107557691292876 0.608921277027027 0.6092803693931398 0.6095710135135135 0.6071651635883906 0.6175742567567567 0.6068832414248021 0.6242592567567568 0.6080152044854881 0.6327863108108108 0.6098715356200528 0.6333711554054053 0.6122926543535621 0.6327212972972973
3 0.6543473918205804 0.6220212297297297 0.655166327176781 0.6222677702702702 0.656077432717678 0.6220232162162163 0.6571760606860159 0.6193965810810811 0.6577322664907652 0.6150501486486487 0.6574737770448549 0.6085906351351351 0.6565711517150395 0.6051021148648649 0.6557628192612137 0.6001892432432432 0.6553189274406332 0.5951785472972974 0.6553337704485488 0.5886456689189189 0.6547044775725593 0.5850837837837838 0.6538855422163589 0.58483725 0.6529712559366754 0.5864817027027026 0.6520548496042216 0.5890594256756757 0.6518641464379947 0.5928414054054054 0.6518577862796834 0.5956412094594594 0.6520241042216358 0.6025918108108108 0.6526459762532981 0.6094201283783784 0.6531205488126649 0.616648804054054 0.6543473918205804 0.6220212297297297
3 0.6723793007915567 0.6120467094594595 0.6755750883905013 0.6117532027027027 0.6780094313984169 0.6071498108108108 0.6787978139841688 0.599602527027027 0.6784863245382586 0.5912218918918919 0.6782812308707123 0.5845055472972973 0.6776377269129288 0.5767783175675676 0.6763301952506596 0.5703578851351351 0.6749034406332454 0.5679194324324325 0.6732472176781003 0.5694925472972973 0.6720229907651715 0.5748996891891892 0.6707936319261214 0.5825653378378378 0.6698962875989446 0.5895775878378378 0.6692194313984169 0.5965306621621621 0.6698488245382586 0.6104687905405405 0.6723793007915567 0.6120467094594595
3 0.6938526437994722 0.6116361891891892 0.694573197889182 0.6145463445945947 0.6965120778364116 0.6146466351351352 0.6983395672823219 0.6104318445945947 0.6982281767810027 0.6061167635135135 0.6977529815303429 0.6018993378378379 0.6972806081794195 0.5964397297297297 0.6969266807387864 0.59218975 0.6966982559366754 0.5860439527027027 0.6962230606860158 0.5818265270270271 0.6957450435356201 0.578851277027027 0.6947720751978892 0.5803538581081081 0.6940331781002638 0.5855178716216216 0.6937680646437994 0.5955204121621622 0.6931405567282322 0.6049995067567568 0.6938526437994722 0.6116361891891892
3 0.6636191886543535 0.6199651283783784 0.6652955712401055 0.620237445945946 0.6668833456464379 0.6148455743243243 0.6670201358839051 0.6079810405405406 0.6661825474934037 0.603240168918919 0.6652208680738786 0.5997740337837838 0.6643846912928759 0.5944120743243243 0.6631847084432717 0.5891477635135136 0.6612359511873351 0.5933951013513513 0.6600105699208443 0.5993104121621622 0.660358852242744 0.60604475 0.6614446226912929 0.6082361554054054 0.662897018469657 0.6090877364864865 0.6628814960422164 0.615919722972973 0.6636191886543535 0.6199651283783784
3 0.6867848773087072 0.6176303040540541 0.6878018496042216 0.6172419189189189 0.6891286240105541 0.6151929527027027 0.6895811437994722 0.6099929459459459 0.6894850105540897 0.6038116351351351 0.6900464920844327 0.5991466689189189 0.6908297440633245 0.5938578851351352 0.6908400065963062 0.5893408716216216 0.6900708654353562 0.58841875 0.6887479406332453 0.5887738445945946 0.6879711029023746 0.5912394864864865 0.6875147335092349 0.5981333716216216 0.6866225211081795 0.6028871148648649 0.6856174986807388 0.6087997027027027 0.6858225923482849 0.6155160472972973 0.6867848773087072 0.6176303040540541