2 0.5921090612845202 0.7608802686508421 0.5906602917505344 0.7687361315489486 0.589763983357405 0.7857180397389307 0.5890561919129695 0.7988156543051796 0.5896400324295255 0.8136279743351529 0.5927551049239754 0.8157798894276925 0.5959869096222054 0.8158670270018734 0.5996842805147152 0.816697425393505 0.6036077549486252 0.8154798014334622 0.6063244828445148 0.8170727618663239 0.6086662092118766 0.816757378551803 0.6093644671063235 0.8125782009778014 0.6100323781409093 0.8067039846879441 0.609253837467788 0.7993912527802454 0.6085642824147682 0.794911378938813 0.6060243497483978 0.7919853463318266 0.6042759461892748 0.7931900402368638 0.6034296883451965 0.788019247524229 0.6024579955668058 0.7783719021816276 0.6008999818909614 0.7721042648959204 0.5992558187501099 0.7775280558153348 0.5978860187041386 0.7874032515779327 0.5958108502644526 0.7819545059139146 0.5946249202478098 0.7680354736398219
2 0.4975723738720062 0.7646068070091399 0.49656629869185565 0.7808537326639563 0.4950399539332856 0.7980924745072449 0.4945922219597955 0.8091233606455812 0.495111960761317 0.8181664309550211 0.4972894346049513 0.8239433205062552 0.5008299584994014 0.8250122073117381 0.5044169909945502 0.8113344439648087 0.5040561060057086 0.7911396652283225 0.5025773765077777 0.7878529898846375 0.5017682471417221 0.7803664098207304 0.5010989035595493 0.7647903501350529 0.5013674807187104 0.7421751969259102 0.499236122151321 0.7278713185480221 0.4983672577718522 0.7515812103983324
2 0.63476972784323 0.7874316218562116 0.6339885133848918 0.7734278248428936 0.6334026025411382 0.7574234853991014 0.6335979061557228 0.7434196883857834 0.6355509423015682 0.7364177898791243 0.6375039784474135 0.7334169762334132 0.6398476218224279 0.7324167050181761 0.6414100507391042 0.7384183323095982 0.642386568812027 0.7504215868924423 0.6427771760411959 0.7604242990448126 0.643558390499534 0.7744280960581303 0.6447302121870413 0.7854310794257376 0.6447302121870413 0.7914327067171597 0.642386568812027 0.7954337915781078 0.6394570145932589 0.7974343340085818 0.6373086748328289 0.7954337915781078
2 0.41089488025917853 0.8277710501171248 0.41089488025917853 0.8189108427454425 0.41124087252593555 0.8047345109507504 0.41573877199377646 0.8029624694764139 0.4188527023945894 0.7941022621047314 0.4205826637283744 0.799418386527741 0.42162064052864534 0.8171388012711058 0.4209286559951313 0.8295430915914613 0.4160847642605335 0.8366312574888073 0.4132770676467686 0.8361724461934973
2 0.38339794689843965 0.8404532230318883 0.38292531215114506 0.8247189568162102 0.3836342642720869 0.808984690600532 0.3857611206349124 0.7944607525552907 0.38765165962409076 0.8017227215779112 0.38812429437138535 0.813826003282279 0.38812429437138535 0.8271396131570837 0.38836061174503267 0.8404532230318883 0.3869427075031489 0.847715192054509
2 0.3688808165087937 0.8314337576035129 0.3687032677682623 0.815975020640759 0.36905836524932506 0.8032442960831971 0.3701236576925135 0.7941509213992244 0.3724317913194216 0.7977882712728133 0.3724317913194216 0.8141563457039644 0.3724317913194216 0.8287057451983209 0.37086613424382653 0.8364764472009887
2 0.3360197518778826 0.8460709124966473 0.33562914464871346 0.8340676579138032 0.33641035910705164 0.8220644033309591 0.33680096633622064 0.8110614199633521 0.3385586988674815 0.8070603351024039 0.3399258241695733 0.8160627760395371 0.34070703862791146 0.8300665730528551 0.3424647711591722 0.8400692852052252 0.34187886031541853 0.8540730822185434 0.33836339525289694 0.8537265389948108
2 0.6116835374763356 0.7975548574951924 0.6098247448280795 0.7964710895751527 0.6086727061671771 0.7876348123854039 0.6089396023953959 0.7810214489788782 0.6110379056925852 0.7735814151465368 0.6125127281918676 0.7733275434376345 0.6137818407735249 0.776061426423984 0.614588880503213 0.784328130682141 0.6147502884491507 0.792594834940298 0.6141046566654002 0.7975548574951924
2 0.6549209259942537 0.792437974898976 0.6544296304267404 0.7850774305840621 0.6537918563836432 0.7780779220222707 0.6536096352284724 0.7710784134604795 0.6536096352284724 0.7682786100357629 0.6537918563836432 0.7645455388028075 0.6547029621594963 0.7622123692822104 0.6556140679353496 0.7608124675698521 0.6564340631336175 0.7612791014739716 0.6570718371767148 0.7650121727069269 0.6570718371767148 0.7715450473645988 0.6575273900646414 0.7766780203099125 0.6583473852629091 0.7818109932552262 0.6592584910387624 0.7855440644881814 0.6595318227715186 0.7920769391458535 0.6589851593060065 0.7962766442829282 0.6578918323749826 0.7986098138035252 0.6569807265991294 0.7986098138035252 0.6561607314008614 0.7981431798994059
2 0.6716453599330053 0.7907470121547538 0.6709838971397359 0.7766313365551415 0.6716453599330053 0.7698558122673274 0.6725273103240312 0.7630802879795132 0.6737399921116919 0.7557401366677148 0.6749526738993525 0.7506584934518543 0.6766063308825261 0.7495292394038853 0.6780395002679432 0.7523523745238078 0.6793624258544821 0.7591278988116217 0.6800238886477518 0.7670326771474048 0.6802443762455083 0.7738082014352189 0.6805751076421429 0.7822776067949863 0.6798034010499951 0.7896177581067849 0.6773780374746738 0.7935701472746765 0.6741809673072049 0.7930055202506919
2 0.6949388714399302 0.7915300038918087 0.6955452123337605 0.7822136579960643 0.6957877486912927 0.7722762223739372 0.6965153577638891 0.7673075045628734 0.6974855031940177 0.7660653251101075 0.697970575909082 0.7691707737420224 0.698455648624146 0.7735184018267031 0.6986981849816782 0.7797292990905327 0.6990619895179766 0.7840769271752132 0.6995470622330408 0.7896667347126598 0.7000321349481049 0.7940143627973404 0.700153403126871 0.7983619908820212 0.69833438044538 0.8020885292403189 0.6963940895851232 0.8014674395139358 0.6956664805125267 0.7983619908820212
2 0.6646861719149838 0.794330011199382 0.6646861719149838 0.7874980242091695 0.663230953769791 0.7862558447564035 0.6621395401608965 0.7837714858508718 0.6617757356245985 0.7769394988606593 0.6629884174122589 0.7713496913232127 0.6649287082725159 0.7676231529649151 0.6661413900601767 0.7732129605023615 0.6669902673115391 0.7788027680398081 0.6679604127416677 0.7825293063981058 0.6688092899930301 0.7874980242091695 0.668688021814264 0.794330011199382 0.6671115354903051 0.7992987290104455 0.6654335113584363 0.7985760080369944
2 0.6876403489527251 0.8000875304361371 0.6874198613549685 0.793312006148323 0.688412055544873 0.787665735908478 0.6892940059358986 0.783148719716602 0.6897349811314115 0.776373195428788 0.6905066877235594 0.7741146873328499 0.6918296133100984 0.7741146873328499 0.6926013199022459 0.775243941380819 0.6926013199022459 0.779760957572695 0.6918296133100984 0.7848426007885556 0.691278394315707 0.7893596169804314 0.6913886381145854 0.7955705142442611 0.6909476629190723 0.8006521574601215 0.6896247373325334 0.802346038532075 0.6886080280338398 0.8024615208241364