3 0.5987593575197889 0.6927466081081082 0.5985525303430079 0.706295277027027 0.5996774854881267 0.7202648918918919 0.6028154960422164 0.7193330608108108 0.6059911701846965 0.7162603108108108 0.6096515461741425 0.7134621891891892 0.6134575725593667 0.7084327162162163 0.6161837335092348 0.7073414864864864 0.6184706860158311 0.7047434391891892 0.6190004168865435 0.699958668918919 0.6194372084432718 0.6935396621621622 0.6184005316622692 0.6871221216216217 0.6175567453825858 0.683398418918919 0.6149544683377309 0.683008304054054 0.6132830686015831 0.6858994932432433 0.6122597189973615 0.6816507094594595 0.6109464604221636 0.6731301959459459 0.6091835672823219 0.6685002837837838 0.607771679419525 0.6754311891891891 0.6067949525065963 0.6864635878378378 0.6045549142480211 0.6831429121621622 0.6028722110817941 0.6706385608108109 0.6001360052770449 0.6660734459459459 0.5990065277044855 0.6752007905405405 0.5987593575197889 0.6927466081081082
3 0.5062366926121372 0.7974628851351351 0.5062081490765171 0.8087286554054054 0.5070552440633245 0.8170976621621622 0.5094079327176781 0.820640472972973 0.51292322823219 0.8182297364864864 0.5159347849604222 0.8012978445945945 0.5148281622691293 0.7818267770270271 0.5132541530343008 0.7800455743243244 0.5121809736147758 0.7734872702702703 0.5109436319261214 0.7588515 0.5103647348284961 0.7363893851351352 0.507739635883905 0.7244311824324324 0.5077700606860158 0.748554554054054 0.5074750567282321 0.7621176351351351 0.5070927546174142 0.77904925 0.5062366926121372 0.7974628851351351
3 0.6457924854881266 0.6558207364864865 0.6479758852242744 0.6556850540540541 0.6507770844327178 0.6508583581081081 0.6529286055408972 0.6446404527027026 0.652705011873351 0.6387490945945945 0.651144796833773 0.6290934324324324 0.6498562163588391 0.6161103648648649 0.6491001279683377 0.6066731554054055 0.647694364116095 0.5958447364864865 0.6459370461741425 0.5914802635135136 0.64367372823219 0.5947524797297297 0.6418683720316622 0.5996067702702703 0.6402120791556728 0.6083886351351351 0.6405420831134564 0.6223259999999999 0.6417134802110818 0.6374637162162162 0.6430020606860158 0.650446777027027 0.6457924854881266 0.6558207364864865
3 0.4273947124010554 0.9147461283783784 0.4301679168865435 0.9124526824324325 0.43465873878627964 0.9007610472972973 0.4348758812664908 0.8879084121621622 0.433196790237467 0.8715279391891891 0.4313005580474934 0.8680000945945945 0.4285739313984169 0.8797406081081081 0.4242246899736148 0.8858756689189189 0.4244132018469657 0.9001296621621622 0.4247432941952507 0.908827081081081 0.4273947124010554 0.9147461283783784
3 0.4019742203166227 0.9518120878378379 0.403095525065963 0.9432978986486487 0.40236754353562004 0.9304598378378378 0.401871536939314 0.9173908310810811 0.4009566701846966 0.9059718040540542 0.3988303179419525 0.9006907905405405 0.3972836345646438 0.9170263581081081 0.39717389709762535 0.9331643648648649 0.39822403825857516 0.9481476689189189 0.4019742203166227 0.9518120878378379
3 0.38577431266490764 0.9564906891891891 0.3870217031662269 0.9473327162162162 0.3864796556728232 0.9330506283783785 0.38586985356200526 0.9169832837837838 0.38346861609498684 0.9156683851351352 0.38276167414248025 0.92563575 0.38288739182058046 0.9384795945945946 0.3836376029023747 0.9534808040540541 0.38577431266490764 0.9564906891891891
3 0.35798299472295514 1 0.3580286160949868 0.9877727905405405 0.35593052110817947 0.9796716013513513 0.35464194063324544 0.9666885405405405 0.3529645422163588 0.9591875202702703 0.35138816622691293 0.9648328445945946 0.35141465831134566 0.9760153918918919 0.3510949854881266 0.988561554054054 0.3519256042216359 0.9999625540540541 0.35194413720316625 1 0.35798299472295514 1
3 0.6230938126649077 0.6805789932432432 0.6235427928759895 0.6750791554054054 0.6230763707124011 0.6671220675675675 0.6219761767810026 0.6597959256756757 0.6206285290237467 0.6583525202702702 0.6191902612137203 0.6600429999999999 0.6174076926121371 0.6693969054054054 0.6173920844327176 0.6761495878378379 0.6188521583113457 0.6836976891891892 0.6207171754617414 0.6829450337837837 0.6230938126649077 0.6805789932432432
3 0.6643991160949868 0.6400571418918919 0.6652214313984168 0.6397138648648648 0.6661157968337731 0.6388234864864866 0.6671021134564644 0.635464722972973 0.6674822704485488 0.6308079527027027 0.666970573878628 0.6246622229729729 0.6659371306068602 0.6218881148648648 0.6649409683377309 0.6176507905405405 0.6643025540897097 0.6130573175675675 0.6640591675461741 0.6066444662162163 0.6632940343007916 0.60360325 0.6624717189973615 0.603946527027027 0.6616295079155673 0.6062110945945945 0.6608220646437994 0.6093917702702702 0.6607822691292876 0.613234331081081 0.6608865778364116 0.615982695945946 0.661326221635884 0.6226755270270271 0.662213048812665 0.628923168918919 0.6629695395778364 0.6356683648648649 0.6643991160949868 0.6400571418918919
3 0.6818968641160951 0.6174035743243244 0.6850562295514512 0.6148334864864865 0.6872897849604221 0.608583527027027 0.6877738509234829 0.6006240810810811 0.6871336635883905 0.5926334932432432 0.6866648007915568 0.5861979256756757 0.685720993403694 0.5790847972972972 0.6841699472295515 0.5737265878378378 0.682657932717678 0.5723558851351351 0.68107672823219 0.5750804324324325 0.6800756464379948 0.5812538040540541 0.6791587071240105 0.589644195945946 0.6785453865435356 0.5971571216216216 0.6781485026385224 0.6044545743243244 0.6793237005277045 0.6176644864864865 0.6818968641160951 0.6174035743243244
3 0.7031871860158312 0.6016648851351352 0.7040171213720318 0.6040022162162163 0.7059449036939314 0.6027157432432433 0.7075916715039577 0.5972800337837838 0.7073106569920844 0.5931307905405405 0.7066725237467019 0.5893370810810812 0.705988110817942 0.5843240135135136 0.7054690171503957 0.5804117905405405 0.7049995461741424 0.5745520202702703 0.7043614129287599 0.5707583108108107 0.7037695567282322 0.5681839594594595 0.7028635145118733 0.5703513918918919 0.7023343852242744 0.5759398716216216 0.702466530343008 0.58593175 0.7022184155672824 0.5956694797297297 0.7031871860158312 0.6016648851351352
3 0.673517654353562 0.6314201824324325 0.6751917744063325 0.6304897702702703 0.6765541833773088 0.624071722972973 0.6764186939313984 0.61724675 0.6754003007915567 0.6131988851351351 0.6743091451187335 0.6104888918918919 0.6732676121372032 0.6058313513513514 0.6718689591029025 0.6015293378378378 0.6701031517150396 0.6070835608108108 0.6691210013192612 0.6137557635135135 0.6697326517150396 0.6201067027027026 0.6708965699208443 0.621478831081081 0.6723713298153035 0.6212760743243243 0.6726258588390501 0.6279825337837839 0.673517654353562 0.6314201824324325
3 0.6964111477572559 0.6125869797297298 0.6974048746701846 0.6114800337837838 0.6986403878627969 0.6085244459459459 0.6988839419525066 0.603105222972973 0.698544332453826 0.5971161756756757 0.6989171398416886 0.5921434662162162 0.6994853482849603 0.5864010337837837 0.6993170646437994 0.5819670135135135 0.6985174656992084 0.5816126554054054 0.697218845646438 0.5829054864864864 0.6965454591029023 0.5858766486486486 0.696365011873351 0.5929586351351351 0.6956675501319262 0.5982545472972973 0.6949039406332453 0.6047667027027027 0.6953728034300791 0.6112022702702703 0.6964111477572559 0.6125869797297298