3 0.5994011187335092 0.6838896824324324 0.5992404907651715 0.6974547770270271 0.6004128773087071 0.7113217094594595 0.603547234828496 0.7101095337837837 0.6067119538258575 0.7067533918918919 0.6103622387862797 0.7036285202702703 0.6141505461741424 0.698259608108108 0.6168725725593668 0.6969248648648648 0.6191503245382586 0.6941227972972973 0.6196636701846966 0.6892914121621622 0.6200785224274407 0.6828343378378379 0.619020135883905 0.6765104324324324 0.6181637889182058 0.6728627229729729 0.6155605778364116 0.6727052635135135 0.6138992849604222 0.6757454121621622 0.6128616121372031 0.67158875 0.6115195211081794 0.6631869256756756 0.6097411187335092 0.6587152905405406 0.6083530633245382 0.6657713378378378 0.6074140791556728 0.6768893648648648 0.6051630672823218 0.6737694189189188 0.6034380105540896 0.6614173783783783 0.6006866649076518 0.6570975337837838 0.5995884617414248 0.666324445945946 0.5994011187335092 0.6838896824324324
3 0.5072493759894459 0.7968601216216217 0.5072592255936675 0.8081267162162162 0.5081347084432718 0.8164187364864864 0.5104991121372031 0.8197507162162162 0.5140056583113456 0.8170261351351351 0.5169590580474934 0.7998276283783784 0.5157862546174142 0.7804584391891891 0.5142064168865436 0.7788182027027027 0.5131110514511873 0.7723568243243243 0.5118240263852243 0.757833885135135 0.5111686741424801 0.7354269324324324 0.5085032269129288 0.723705195945946 0.5086158496042217 0.7478221756756757 0.5083671081794195 0.7614095608108108 0.5080425606860158 0.7783727635135135 0.5072493759894459 0.7968601216216217
3 0.6463012546174143 0.6427653986486487 0.6484838601583114 0.6424345743243243 0.65126818469657 0.6373582297297298 0.6533981899736148 0.6309489594594595 0.6531545540897098 0.6250784797297297 0.6515616754617415 0.6155637500000001 0.650229048812665 0.6026978378378378 0.6494409182058047 0.5933296486486487 0.6479984683377309 0.5826285337837838 0.6462265474934037 0.5784217972972973 0.6439747242744063 0.581895831081081 0.64218618469657 0.58691075 0.6405600686015831 0.5958393175675676 0.6409375145118734 0.6097450675675676 0.6421603166226912 0.6247757702702703 0.6434929419525066 0.6376416756756758 0.6463012546174143 0.6427653986486487
3 0.42881905672823223 0.9211727567567568 0.43158402374670185 0.918631777027027 0.4360343218997362 0.9065405135135134 0.43620763324538253 0.8936704256756758 0.43447298153034297 0.8774425337837837 0.43256501583113455 0.8740847162162163 0.4298788113456464 0.8860671621621621 0.42555113720316623 0.8925900472972973 0.42578819261213724 0.9068250202702703 0.42614787203166227 0.9154916081081081 0.42881905672823223 0.9211727567567568
3 0.40352874274406336 0.9605052770270271 0.40462086279683374 0.9518921486486487 0.40384924538258576 0.9391211148648648 0.4033087810026385 0.9260984391891892 0.4023551424802111 0.9147629256756757 0.40021111741424803 0.9096727770270271 0.3987203364116095 0.9261441081081082 0.39866560686015834 0.9422894662162162 0.3997666437994723 0.9571766148648648 0.40352874274406336 0.9605052770270271
3 0.38734724538258575 0.9666311824324325 0.3885632374670185 0.9573631081081081 0.38797260686015833 0.9431316486486486 0.3873081464379947 0.9271212567567567 0.3849027928759895 0.926021195945946 0.3842299248021108 0.9360502297297298 0.384399389182058 0.9488808783783784 0.3852006042216359 0.9638127432432432 0.38734724538258575 0.9666311824324325
3 0.3596079986807387 1 0.3575869894459103 0.9924761418918919 0.356254364116095 0.9796102364864865 0.35455166094986806 0.9722602972972972 0.3529947625329815 0.9780456554054053 0.3530593562005277 0.9892241351351351 0.352822055408971 1 0.3596079986807387 1
3 0.6236904036939314 0.6695487972972973 0.6241205765171504 0.6640096621621622 0.6236271094986807 0.6560954797297297 0.6225021187335092 0.6488687972972973 0.6211497585751979 0.6475460608108108 0.619717469656992 0.6493648445945946 0.6179670474934037 0.6588766621621621 0.6179744511873351 0.6656297094594595 0.6194600237467018 0.6730461554054055 0.6213221926121372 0.6721269121621621 0.6236904036939314 0.6695487972972973
3 0.6648513364116095 0.6253410608108109 0.6656723548812665 0.624924331081081 0.6665635514511874 0.6239541418918919 0.66753827176781 0.6205077364864865 0.6679025026385225 0.6158176891891892 0.6673699419525067 0.6097186351351351 0.666327203166227 0.6070373243243243 0.665316753298153 0.6028896891891892 0.6646627836411609 0.598353972972973 0.6643975817941953 0.5919638581081081 0.6636222005277045 0.5889914932432433 0.6628011820580475 0.5894082229729729 0.66196681530343 0.5917477229729731 0.661170333773087 0.5950000945945946 0.6611436385224274 0.5988456283783784 0.6612572955145118 0.6015842432432432 0.661719679419525 0.6082367635135135 0.6626276609498681 0.6144041824324324 0.6634070211081794 0.6210807297297297 0.6648513364116095 0.6253410608108109
3 0.6822692229551451 0.6011269121621622 0.6854193509234828 0.5982748175675676 0.6876312678100265 0.5918261621621621 0.6880881385224276 0.5838246621621621 0.6874208192612137 0.5758925135135134 0.6869300976253297 0.569499831081081 0.6859621965699209 0.5624721486486487 0.6843931279683377 0.5572533986486486 0.6828766715039577 0.556018054054054 0.6813049934036939 0.5588835202702702 0.6803251002638522 0.5651454391891892 0.6794368918205804 0.5736165067567567 0.6788492651715039 0.5811831081081081 0.678477308707124 0.5885149256756758 0.6796973416886544 0.6016177837837838 0.6822692229551451 0.6011269121621622
3 0.7035026715039578 0.5834875878378378 0.7043404459102902 0.5857503851351351 0.7062635501319261 0.5842917972972973 0.7078915448548811 0.5787097094594595 0.7075964353562005 0.5745862229729729 0.7069454709762534 0.5708501283783785 0.7062440804749341 0.5658989999999999 0.705711734828496 0.5620337702702702 0.7052223667546174 0.5562168581081081 0.7045714036939313 0.5524807635135135 0.7039708654353563 0.5499597094594595 0.7030723456464381 0.5522077972972973 0.7025623416886543 0.557842722972973 0.7027285145118733 0.5678212702702703 0.7025136187335091 0.5775796891891891 0.7035026715039578 0.5834875878378378
3 0.6739390540897098 0.6158903581081081 0.6756097480211081 0.6148104459459459 0.6769500791556728 0.6082715945945946 0.6767913535620053 0.6014597702702703 0.6757593218997361 0.5975035540540541 0.674659098944591 0.5948915067567567 0.6736018535620053 0.5903277702702703 0.6721887546174142 0.5861514324324324 0.6704421411609498 0.5918626486486486 0.6694828773087071 0.5986216216216217 0.6701160751978892 0.604916918918919 0.6712844920844327 0.6061848040540541 0.6727583364116095 0.6058502567567567 0.673035679419525 0.612532945945946 0.6739390540897098 0.6158903581081081
3 0.6967648839050132 0.595013695945946 0.6977546873350924 0.5938180945945946 0.6989799406332453 0.5907525202702703 0.6992049907651715 0.5853123513513513 0.698845025065963 0.5793545743243244 0.6992008311345647 0.5743492972972973 0.6997493852242744 0.5685569527027027 0.6995660171503958 0.5641386486486486 0.6987653324538259 0.5638558175675675 0.6974713166226914 0.565264527027027 0.6968081569920844 0.5682954324324324 0.6966518707124011 0.5753924662162162 0.6959725606860158 0.5807499121621621 0.6952312572559366 0.5873293310810811 0.6957219788918205 0.5937220067567568 0.6967648839050132 0.595013695945946