3 0.463667577689243 0.3744333455377575 0.4699715278884462 0.3749397276887872 0.47485309960159366 0.37244818993135015 0.4771726912350598 0.369029938215103 0.477908312749004 0.359717123569794 0.47742354183266933 0.35102719221967965 0.4763083764940239 0.3422866224256293 0.47393242031872507 0.33344477574370707 0.4699076653386454 0.3287959816933638 0.4636037151394422 0.3282895972540046 0.46050810159362554 0.3402965057208238 0.45568289442231075 0.35504813958810066 0.45653124302788844 0.3702555194508009 0.463667577689243 0.3744333455377575
3 0.48754381673306774 0.37403649199084665 0.49404773505976096 0.37903646453089246 0.49842010159362554 0.3786667734553776 0.5035280916334661 0.3689842631578948 0.5051768924302789 0.3647912128146453 0.5052417211155379 0.3547035972540046 0.5047569501992032 0.3460136659038902 0.5043125776892431 0.3380478947368421 0.5036662171314741 0.32646132036613273 0.49770987848605575 0.3209364485125858 0.49219791235059757 0.3233773501144165 0.4890215059760956 0.3339359336384439 0.4873482749003984 0.34894075972540045 0.48754381673306774 0.37403649199084665
3 0.5199747290836653 0.3825609565217391 0.5356134123505976 0.38165443020594964 0.5416345816733067 0.3770916864988558 0.5448109880478088 0.3665331006864988 0.5444070119521913 0.35929149199084665 0.5413198665338645 0.3489506864988558 0.5359535258964144 0.3427522929061785 0.526885609561753 0.3376983913043478 0.520581657370518 0.3371920068649885 0.5143585019920318 0.33813394736842106 0.510899312749004 0.343623405034325 0.5090240916334661 0.35500742791762013 0.5109068107569721 0.3775070549199085 0.5199747290836653 0.3825609565217391
3 0.2907104760956175 0.348342533180778 0.2975507868525897 0.3482366224256293 0.3021354800796813 0.34860490160183066 0.30441331075697214 0.338301823798627 0.3034362490039841 0.3310141807780321 0.30024029083665343 0.32485905263157894 0.2937159900398406 0.3204027025171625 0.2885582111553785 0.3199883890160183 0.28473023107569717 0.3229577848970252 0.28212187450199205 0.32733590846681926 0.2825258505976096 0.3345775171624714 0.2835763625498008 0.34318181922196794 0.2907104760956175 0.348342533180778
3 0.32356002788844623 0.35425815560640733 0.3308999760956175 0.35288162471395884 0.3422515298804781 0.35182733638443936 0.3521041752988048 0.35458491075514875 0.36295609163346615 0.3548012448512586 0.36567462549800794 0.3523981052631579 0.367599719123506 0.3459989633867277 0.3628681274900398 0.34299737299771166 0.3546980179282868 0.33971957208237985 0.34377264940239044 0.3381865835240274 0.33574944023904385 0.3375420961098398 0.32840949203187253 0.33891862929061783 0.3166317509960159 0.34256019679633865 0.31660953984063744 0.3523890823798627 0.32356002788844623 0.35425815560640733
3 0.5570200697211155 0.3828511167048055 0.5648025517928287 0.38319854462242564 0.569921374501992 0.3819848260869565 0.5748884402390438 0.3780507414187643 0.5744028207171314 0.3693455743707094 0.5716401274900399 0.3620824027459954 0.5665700119521911 0.3557171464530893 0.5648152729083665 0.34961821052631575 0.5596357470119522 0.3497437848970252 0.5559074482071713 0.3505275697940503 0.5516264661354582 0.3583082082379863 0.5521727888446215 0.36810151945080094 0.5526887609561753 0.3773507574370709 0.5570200697211155 0.3828511167048055
3 0.9484720717131474 0.29883111212814645 0.9530594900398406 0.2944415652173913 0.9582070318725099 0.2877179885583524 0.9585005298804781 0.28060449656750575 0.9560202908366534 0.2732681967963387 0.9515486215139443 0.26735794508009153 0.9446142768924303 0.2668009244851259 0.9398046713147411 0.267207585812357 0.935866250996016 0.2708562585812357 0.9328434501992032 0.2785435194508009 0.9334655737051792 0.28969559725400457 0.9401064203187252 0.29736610983981693 0.9484720717131474 0.29883111212814645
3 0.8353522948207172 0.35001301601830664 0.85302609561753 0.34508865446224257 0.8631609920318726 0.3411447231121281 0.8640590498007967 0.33249378032036614 0.8588939462151395 0.3265278260869565 0.8469278087649402 0.322394581235698 0.8413803326693228 0.3219489656750572 0.8217595398406374 0.32909595194508007 0.8147983187250996 0.340431885583524 0.8203189203187251 0.35277045537757434 0.8353522948207172 0.35001301601830664
3 0.7062253406374502 0.370697704805492 0.7109142310756972 0.371074352402746 0.714460984063745 0.3695718604118993 0.7163446175298805 0.36614837986270027 0.7155099561752988 0.3511863752860412 0.7131589143426296 0.34623113501144165 0.7111953147410358 0.33892382608695654 0.7053642908366534 0.3366680366132723 0.6972288067729084 0.3395893203661327 0.6965540816733067 0.34608890160183065 0.697088264940239 0.35566458352402747 0.7002273864541833 0.36544951487414185 0.7062253406374502 0.370697704805492
3 0.6696024661354582 0.3743096498855835 0.6737703685258964 0.3746444485125858 0.6804430478087649 0.3733930549199085 0.6870489561752988 0.3709447025171625 0.6897408585657371 0.36341555835240275 0.6886856892430279 0.3537980274599542 0.686134328685259 0.34525190617848966 0.6815991772908366 0.3383338260869565 0.672709 0.3370238993135012 0.6681536573705179 0.3390411716247139 0.6633778027888446 0.3464029153318078 0.6614072071713147 0.3575647894736842 0.6651340876494024 0.36858852860411895 0.6696024661354582 0.3743096498855835
3 0.6293326792828685 0.3776286453089245 0.6360721314741036 0.3775742128146453 0.6416694501992032 0.37564064073226544 0.6460244760956175 0.37003248741418765 0.6471868007968127 0.36297627459954235 0.647407312749004 0.35763180320366134 0.6465524601593626 0.3516051533180778 0.6430258964143426 0.34417229290617846 0.6350107629482071 0.33995366590389015 0.6251453844621514 0.33975699771167045 0.6206901992031872 0.3435697116704805 0.618552671314741 0.3517391830663616 0.6174905039840637 0.3605908352402746 0.6214510896414344 0.375803938215103 0.6293326792828685 0.3776286453089245
3 0.6056879143426295 0.37215452402745997 0.6106974721115538 0.3689821418764302 0.612414173306773 0.3625662585812357 0.6125679103585657 0.35602482608695657 0.6117130577689243 0.349998176201373 0.6092618565737051 0.3432474965675057 0.6018678705179283 0.3408661578947368 0.5942867609561753 0.3444277711670481 0.5933915258964143 0.356271823798627 0.5966308047808765 0.3678521967963387 0.6056879143426295 0.37215452402745997