3 0.4688411155378486 0.353572228832952 0.4751450657370518 0.3537829382151029 0.4799823924302789 0.35105486270022884 0.4822466792828685 0.34751834096109835 0.4828385059760956 0.3381463913043478 0.48222100199203183 0.32945645995423345 0.4809731015936255 0.3207454576659039 0.4784644123505976 0.3119923135011442 0.4743732888446215 0.30752092219679633 0.46806933864541833 0.3073102128146453 0.46516176494023903 0.3194945217391304 0.46056884262948206 0.33451226544622426 0.4616494760956176 0.34971964530892446 0.4688411155378486 0.353572228832952
3 0.49268183665338644 0.3520494279176201 0.4992544561752988 0.3567561167048055 0.5036157629482072 0.3561794530892448 0.5085688964143426 0.3462308375286041 0.5101513286852589 0.3419490846681922 0.5100613027888447 0.3318319016018306 0.5094437988047809 0.32314197025171626 0.5088777529880478 0.31517620137299773 0.5080544123505977 0.30358962471395884 0.5020206474103586 0.2983308604118993 0.4965529262948207 0.3010378649885584 0.4935424362549801 0.31177385354691073 0.49210148804780873 0.3268969496567506 0.49268183665338644 0.3520494279176201
3 0.5252035717131475 0.359068347826087 0.5408090717131474 0.3574226384439359 0.546752812749004 0.35256421967963386 0.5497633027888447 0.34182823112128147 0.5492487151394422 0.33458662242562925 0.5460067131474103 0.3243640846681922 0.5405518824701195 0.31840222883295194 0.5314175996015936 0.31376227231121284 0.5251136494023905 0.3135515629290618 0.5189126155378485 0.3147891739130435 0.5155419143426294 0.3204560366132723 0.5138436733067729 0.3319583272311213 0.5160692888446214 0.3544283890160183 0.5252035717131475 0.359068347826087
3 0.2956968645418327 0.3355615423340961 0.30252711952191236 0.33513307780320367 0.307111812749004 0.3352863203661327 0.3092287549800797 0.3248488489702517 0.3081410796812749 0.3175880823798627 0.30485462350597614 0.31156735240274597 0.2982699880478088 0.3074066750572082 0.29311220916334657 0.30723427688787186 0.2893345079681275 0.31039182837528606 0.28679653984063747 0.3149043501144165 0.28731112749003984 0.32214595881006863 0.28849236254980076 0.33072337986270023 0.2956968645418327 0.3355615423340961
3 0.32859669521912355 0.3399450389016018 0.3359064760956176 0.3382190755148742 0.3472278625498008 0.3366271990846682 0.35711067529880475 0.338927823798627 0.3679525358565737 0.3386334485125858 0.3706308466135458 0.3360959130434783 0.37245538645418325 0.32958925400457667 0.3676835717131474 0.32680269794050343 0.3594732390438247 0.32390121052631576 0.34853781474103585 0.3228789290617849 0.34051460557768926 0.3226107528604119 0.33320482270916335 0.3243367185354691 0.3214974721115538 0.3285427528604119 0.32162609561752986 0.3383985194508009 0.32859669521912355 0.3399450389016018
3 0.5622077071713147 0.35761391762013733 0.5699859282868526 0.35759559496567506 0.5750798207171315 0.35613751487414186 0.5799804023904382 0.3519590732265446 0.5793618167330677 0.34325390846681925 0.5764910876494024 0.3361018054919908 0.5713295577689242 0.3299586956521739 0.5694834043824701 0.32392640274599543 0.5643121892430278 0.32429633409610986 0.5606005119521912 0.3252578329519451 0.5564441852589642 0.33326061784897026 0.5571400956175299 0.3430539290617849 0.557797344621514 0.3523031670480549 0.5622077071713147 0.35761391762013733
3 0.9518881175298805 0.25493021967963386 0.95640253187251 0.250313004576659 0.9614405677290837 0.2433292356979405 0.9616245597609562 0.23618321967963388 0.9590348147410358 0.22894449199084668 0.9544779760956176 0.22322938443935927 0.9475436294820717 0.2229976041189931 0.9427461932270916 0.22363193592677344 0.9388686075697211 0.22747575286041188 0.9359674800796813 0.23532563157894737 0.9367599442231076 0.24647771167048052 0.943510296812749 0.25385550572082377 0.9518881175298805 0.25493021967963386
3 0.8396930517928287 0.3115761670480549 0.857269513944223 0.30580617848970254 0.867331406374502 0.3013743867276888 0.8680956254980079 0.29265839588100684 0.8628453505976096 0.286920109839817 0.8508305438247012 0.28333977574370706 0.8452830677290837 0.283154352402746 0.8257961135458167 0.29124453546910756 0.8190174023904382 0.30293823340961096 0.8247205139442232 0.3150491350114416 0.8396930517928287 0.3115761670480549
3 0.7110426135458168 0.3383989061784897 0.7157315019920318 0.33855563157894736 0.7192508326693227 0.3368820892448513 0.7210796155378486 0.3333608649885583 0.720016420318725 0.3183988627002288 0.7175922470119522 0.3135413638443936 0.7155189501992032 0.30630736155606403 0.7096605019920319 0.3043203661327231 0.7015798665338645 0.30763262471395886 0.7010056972111554 0.3141810778032037 0.701686141434263 0.32375675972540047 0.7049715258964144 0.33341951029748285 0.7110426135458168 0.3383989061784897
3 0.6745202948207172 0.3437457940503433 0.6786881952191235 0.3438851052631579 0.6853334521912351 0.34231604805491994 0.6918936533864543 0.33955002974828374 0.6944667171314741 0.3318742700228833 0.693265282868526 0.32228117391304345 0.6905859422310757 0.3138327963386728 0.6859502350597609 0.3071102036613272 0.6770509163346614 0.3062156864988559 0.6725321394422311 0.308452881006865 0.6678751254980079 0.3160589816933638 0.6660782151394422 0.32734303432494277 0.6699696434262948 0.3382201601830664 0.6745202948207172 0.3437457940503433
3 0.634351061752988 0.3489707848970252 0.6410813745019921 0.34859868649885584 0.6466421274900399 0.3463963180778032 0.6509057370517929 0.340568242562929 0.6519583665338645 0.3334387231121282 0.6520966035856574 0.32806981693363846 0.6511503366533865 0.3220676018306636 0.6475140776892431 0.314781356979405 0.6394440956175299 0.3109292654462243 0.6295878565737052 0.31119688100686493 0.6251966633466135 0.3152295148741419 0.6231871135458167 0.3235211670480549 0.6222620697211155 0.33244612585812355 0.6264511912350598 0.3475126132723112 0.634351061752988 0.3489707848970252
3 0.6106514501992032 0.3445962723112128 0.6156061593625498 0.34117953318077804 0.6172223027888446 0.3346659061784897 0.617275484063745 0.32810003890160183 0.616329219123506 0.32209782379862706 0.6137774621513944 0.31544488787185354 0.6063560498007968 0.3134056498855835 0.5988389302788845 0.3173338009153318 0.5981265239043825 0.32925116247139585 0.6015394920318725 0.3407093546910755 0.6106514501992032 0.3445962723112128