3 0.43783842340939894 0.33508491192070367 0.43783842340939894 0.31987753198452756 0.44351197921370356 0.30467015204835146 0.44729434974990684 0.2923594159095423 0.4535983006435787 0.2923594159095423 0.4573806711797819 0.2967043816055926 0.45927185644788354 0.30539431299769315 0.45990225153725073 0.3140842443897938 0.45990225153725073 0.32277417578189443 0.45864146135851624 0.3321882681233368 0.45611988100104756 0.3358090728700454 0.45107672028611 0.3387057166674122 0.444772769392438 0.3387057166674122
3 0.4699885729671258 0.31118760059242695 0.4725101533245945 0.29598022065625085 0.4762925238607977 0.28511780641612505 0.4819660796651025 0.2822211626187582 0.48763963546940725 0.2872902892641502 0.48763963546940725 0.2988768644536177 0.48763963546940725 0.30684263489637664 0.48763963546940725 0.31553256628847726 0.48700924038003995 0.32567081957926136 0.48511805511193845 0.33001578527531167 0.4794444993076336 0.3401540385660957 0.4750317336820633 0.3408781995154374 0.4687787201566435 0.3363805167825059
3 0.4920524010949776 0.33798155571807054 0.4914220060056103 0.31553256628847726 0.49394358636307906 0.3039459910990097 0.49772595689928223 0.298152703504276 0.5040299077929542 0.2967043816055926 0.5103338586866262 0.2967043816055926 0.5191593899377669 0.3010493473016429 0.5242025506527044 0.30684263489637664 0.5267241310101731 0.31698088818716064 0.5267241310101731 0.32422249768057787 0.52294176047397 0.33508491192070367 0.516637809580298 0.3401540385660957 0.5008779323461182 0.3423265214141209
3 0.2656221368897556 0.3218449700714901 0.26504905044487637 0.31328670430654254 0.26504905044487637 0.3060450948131253 0.2679144826692727 0.30143679786276895 0.2719260877834276 0.2981451571839429 0.27708386578734095 0.2981451571839429 0.2833878166810129 0.3020951259985341 0.2862532489054092 0.30802007922042096 0.2868263353502885 0.31526168871383803 0.28396090312589223 0.32579493888608124 0.27937621156685805 0.32579493888608124 0.27249917422830683 0.32645326702184646
3 0.29828806424787385 0.32842825142914206 0.2988611506927531 0.3185533293926641 0.31089596603521774 0.3139450324423077 0.31834608981864815 0.3119700480350121 0.32636930004695797 0.3119700480350121 0.337257942499664 0.3126283761707773 0.3452811527279737 0.31526168871383803 0.3498658442870079 0.31789500125689885 0.34757349850749075 0.32447828261455086 0.34470806628309447 0.3271115951576117 0.33381942383038843 0.3277699232933769 0.3240769542674408 0.32579493888608124 0.31261522536985553 0.3277699232933769 0.30516510158642507 0.3297449077006725
3 0.5340311814691687 0.334453194540128 0.5340311814691687 0.32520395626904675 0.5340311814691687 0.31541064515849015 0.5387674330797411 0.30724955256635955 0.542556434368199 0.3061614068874088 0.5477663111398288 0.30561733404793334 0.5491871866230005 0.31160213528216246 0.5539234382335729 0.3175869365163916 0.5562915640388593 0.3246598834295714 0.5562915640388593 0.3333650488611773 0.5510816872672294 0.3377176315769803 0.5458718104955997 0.33934985009540636 0.5380737667673707 0.3396288222878866
3 0.9276747713969019 0.22284801309651145 0.9214338600121665 0.2156788196980284 0.9214338600121665 0.20452674107816593 0.9249010330036862 0.19656097063540703 0.9290616405935096 0.1925780854140276 0.9339156827816371 0.19178150836975166 0.9408500287646759 0.19178150836975166 0.9450106363544996 0.19735754767968292 0.9470909401494114 0.20452674107816593 0.9463975055511074 0.21169593447664894 0.9408500287646759 0.218865127875132 0.9359959865765488 0.2236445901407873
3 0.804243412898805 0.2881673307271345 0.7993893707106778 0.27621867506299613 0.8070171512920209 0.26427001939885775 0.8271267546428344 0.255507671911823 0.8326742314292656 0.255507671911823 0.8444626196004321 0.2586939800889266 0.8493166617885596 0.26427001939885775 0.8479297925919518 0.2730323668858926 0.837528273617393 0.27781182915154795 0.8194989740614913 0.28418444550575506
3 0.6829008224101949 0.3105935774183417 0.6802958840243801 0.30101789544357516 0.6802958840243801 0.2914422134688086 0.681337859378706 0.28485893211115665 0.6896736622133133 0.28126805137061917 0.6954045266621062 0.2830634917408879 0.696967489693595 0.2902452532219628 0.6990514404022469 0.29503309420934604 0.6990514404022469 0.3099950972949188 0.696967489693595 0.3135859780354562 0.6933205759534543 0.3153814184057249 0.6886316868589875 0.3153814184057249
3 0.6474736603631129 0.31657837865257077 0.644347734300135 0.3058057364309583 0.6469526726859499 0.29443461408592314 0.6521625494575796 0.28665437248142533 0.6568514385520464 0.28426045198773375 0.6657082290638169 0.28485893211115665 0.6698761304811207 0.2914422134688086 0.6719600811897726 0.2998209351967293 0.6724810688669355 0.30939661717149586 0.6693551428039577 0.31717685877599366 0.662582303000839 0.32016925939310825 0.6558094631977204 0.32196469976337694 0.6516415617804167 0.32196469976337694
3 0.6031897078042604 0.3273510208741831 0.6000637817412826 0.3123890177886104 0.6016267447727714 0.3034118159372668 0.6042316831585863 0.29503309420934604 0.6089205722530531 0.2908437333453857 0.6188193381191497 0.2902452532219628 0.6266341532765941 0.29383613396250025 0.6297600793395719 0.30101789544357516 0.6302810670167348 0.3070026966778043 0.6297600793395719 0.3123890177886104 0.6281971163080831 0.31957077926968525 0.6235082272136163 0.3255555805039144 0.6177773627648236 0.327949500997606 0.611004522961705 0.3285479811210289
3 0.5787032869776008 0.32136621963995404 0.576098348591786 0.3099950972949188 0.5776613116232749 0.2980254948264606 0.5854761267807195 0.29383613396250025 0.5927699542610011 0.29563157433276904 0.594853904969653 0.30221485569042095 0.5953748926468159 0.30819965692465007 0.594853904969653 0.31478293828230197 0.5927699542610011 0.32136621963995404 0.5875600774893713 0.32495710038049147