4 0.13410296786208006 0.42508566228229144 0.13189677900404795 0.39874134957617374 0.13299987343306402 0.37468784667058797 0.13741225114912822 0.3426165094631404 0.1407215344361764 0.32199922125835256 0.14513391215224064 0.29909112325303283 0.15230402594084502 0.2922186938514369 0.15892259251494134 0.2910732889511709 0.16278342301649754 0.3059635526546287 0.16719580073256174 0.3197084114578206 0.16885044237608585 0.3426165094631404 0.16940198959059385 0.3689608221692581 0.172159725663134 0.39072351527431176 0.16940198959059385 0.42966728188335535 0.16388651744551358 0.4434121406865472 0.151752478726337 0.4479937602876112 0.1423761760797005 0.44112133088601524
0 0.4805861897018483 0.9113714022113903 0.4785805634672737 0.8863807498419506 0.4800847831432047 0.859307543108391 0.482591815936423 0.8291105048286511 0.48860869464014695 0.8009960209130312 0.4926199471092963 0.7832943088180119 0.4966311995784454 0.7593449336306319 0.5001410454889512 0.7458083302638521 0.5026480782821694 0.773922814179472 0.5066593307513187 0.7905832490924316 0.509166363544537 0.8072436840053914 0.51367902257233 0.8322343363748311 0.5201973078346976 0.8561837115622108 0.5232057471865595 0.8718028692931107 0.5227043406279159 0.8853394726598905 0.510670583220468 0.8874220270240104 0.5046537045167441 0.8915871357522506 0.4971326061370892 0.9019999075728503 0.4921185405506526 0.9082475706652104
0 0.5277184062143525 0.8186977330080512 0.5201973078346976 0.7957896350027316 0.51367902257233 0.7687164282691719 0.509166363544537 0.7447670530817924 0.5046537045167441 0.7197764007123524 0.507662143868606 0.7020746886173327 0.5096677701031807 0.6906206396146728 0.5141804291309736 0.6874968080684929 0.5196959012760539 0.6937444711608527 0.5227043406279159 0.7072810745276326 0.5317296586835019 0.7426844987176723 0.5327324718007892 0.7551798249023921 0.5332338783594328 0.7676751510871119 0.5372451308285822 0.7760053685435918 0.5402535701804441 0.7885006947283115 0.5387493505045131 0.8020372980950916 0.5362423177112948 0.8114087927336314 0.5327324718007892 0.8155739014618714
0 0.5508210321075354 0.793919314747119 0.5462627906653204 0.7904770761287387 0.542947705980073 0.7835925988919786 0.5404613924661376 0.772405323382243 0.5363175366095783 0.7560546899449374 0.5338312230956428 0.7302379003070866 0.5338312230956428 0.7130267072151859 0.5346599942669547 0.7009788720508555 0.5350743798526105 0.6820465596497648 0.5383894645378579 0.6674170455216494 0.5437764771513849 0.6631142472486741 0.5512354176931914 0.6527875313935337 0.5537217312071269 0.6510664120843437 0.5557936591354065 0.661393127939484 0.5545505023784387 0.6751620824130046 0.5570368158923743 0.6923732755049052 0.5611806717489335 0.7061422299784257 0.5653245276054926 0.7181900651427562 0.5678108411194281 0.7319590196162769 0.5698827690477077 0.7474490933989872 0.5698827690477077 0.7612180478725079 0.5669820699481163 0.7741264426914333 0.563666985262869 0.7818714795827886 0.5591087438206539 0.7870348375103586 0.5553792735497506 0.7904770761287387
0 0.6210604495970795 0.7731461580806908 0.615786451234186 0.753587984112622 0.6154097370654079 0.7340298101445534 0.615786451234186 0.7097776744241477 0.6210604495970795 0.6855255387037422 0.6285947329726417 0.6659673647356734 0.6304783038165322 0.6683143456118417 0.6346221596730914 0.6823962308688514 0.6353755880106476 0.6988250970020292 0.6372591588545382 0.7168186170526526 0.6346221596730914 0.7340298101445534 0.6334920171667571 0.7418530797317807 0.629348161310198 0.7543703110713448 0.6267111621287511 0.7684521963283543
0 0.6458146210021332 0.7892487885421235 0.6442579508832154 0.7769643156365594 0.642389946740514 0.7692057011698874 0.6408332766215962 0.7543350234420998 0.6427012807642977 0.7394643457143117 0.6479939591686181 0.7336453848643077 0.6483052931924017 0.7194212583420757 0.6473712911210511 0.705197131819844 0.6504846313588866 0.703257478203176 0.6548433076918565 0.70907643905318 0.6567113118345577 0.7168350535198519 0.6554659757394234 0.7233005655754119 0.6595133180486098 0.7297660776309719 0.6616926562150948 0.7375246920976437 0.6610699881675276 0.7491626137976518 0.6585793159772593 0.7620936379087716 0.6560886437869907 0.7717919059921114 0.652352635501588 0.7814901740754514 0.6492392952637523 0.7866625837198995
0 0.669572644890666 0.7066854295661195 0.6659260517368941 0.6972192733655743 0.6659260517368941 0.6773403453444291 0.6659260517368941 0.6621944954235565 0.668660996602223 0.6536749548430657 0.6723075897559951 0.6621944954235565 0.6741308863328812 0.6726072672441564 0.6741308863328812 0.687753117165029 0.6727634139002167 0.7000591202257379
0 0.5790561691508932 0.6148957818344188 0.5768768309844083 0.6045509625455229 0.575631494889274 0.5942061432566269 0.5737634907465726 0.579335465528839 0.5734521567227892 0.5676975438288311 0.578433501103326 0.5670509926232751 0.5793675031746768 0.579982016734395 0.581235507317378 0.5916199384344029 0.5815468413411617 0.6032578601344109
0 0.5904984165064165 0.7169408366960108 0.5851208288228823 0.7081242293475201 0.5825735504464713 0.6969565267060982 0.5808753648621974 0.684613276418211 0.5811583957929097 0.6728577999535565 0.5856868906843069 0.6658045140747639 0.5910644783678412 0.6658045140747639 0.5938947876749645 0.6728577999535565 0.5955929732592384 0.6869643717111419 0.5955929732592384 0.7010709434687272 0.5953099423285261 0.7098875508172182
0 0.578431936641789 0.7906467344007883 0.5743223275278461 0.782112258487449 0.5702127184139031 0.7714441635957751 0.5712401206923888 0.7579312433996548 0.5729524578231985 0.7486855611602039 0.5732949252493603 0.7351726409640835 0.5756921972324938 0.7259269587246329 0.5801442737725986 0.7245045460724097 0.582541545755732 0.729482990355191 0.5845963503127036 0.7373062599424185 0.586651154869675 0.7501079738124272 0.5856237525911894 0.778556226856891 0.582884013181894 0.7863794964441185
0 0.6119176865113811 0.6832014129345797 0.6085272589923781 0.6722488355124611 0.6092806873299343 0.6589492772141742 0.6070204023172657 0.6495613537095012 0.6051368314733752 0.6339148145350461 0.6055135456421532 0.6151389675257 0.6089039731611563 0.6104450057733634 0.6119176865113811 0.6135743136082543 0.6156848281991623 0.624526891030373 0.6171916848742747 0.6323501606176005 0.6168149707054965 0.6479966997920557 0.6160615423679403 0.6573846232967288 0.6175683990430527 0.665990219842679 0.6175683990430527 0.675378143347352 0.615684828199162 0.6824190859758571
5 0.5341422147584335 0.8867417389113307 0.5332305664699906 0.8706492733704037 0.5368771596237626 0.8536101922094219 0.5437145217870852 0.8479304984890946 0.552375180527294 0.8507703453492584 0.5596683668348381 0.8507703453492584 0.5660499048539392 0.8422508047687676 0.5742547394499264 0.8365711110484404 0.5824595740459136 0.8375177266684949 0.6011483639589956 0.8327846485682222 0.6098090226992043 0.8214252611275676 0.6234837470258496 0.8157455674072406 0.6326002299102799 0.8138523361671317 0.6453633059484821 0.8138523361671317 0.6549356129771339 0.8204786455075133 0.6708894580248868 0.8337312641882768 0.678182644332431 0.843197420388822 0.6836525340630891 0.8573966546896402 0.6863874789284181 0.8791688139508945 0.6836525340630891 0.8933680482517123 0.6234837470258496 0.900940973212149 0.5892969362092363 0.900940973212149 0.5624033117001672 0.8999943575920945 0.5487285873735219 0.900940973212149
4 0.6991086193184721 0.8931178647609754 0.6991086193184721 0.8770821961572517 0.7002117137474879 0.8644827422543259 0.7046240914635523 0.848447073650602 0.7090364691796165 0.8289751903460802 0.7151034885392048 0.8117941168420905 0.7206189606842852 0.8049216874404946 0.7283406216873974 0.8140849266426223 0.7310983577599377 0.8301205952463462 0.734329932582524 0.833578326471764 0.7395494087994714 0.8283593798820327 0.744382257148497 0.8235418907222809 0.7472819661579122 0.8339797839017432 0.7486351636956393 0.8540526554007094 0.7497950472994055 0.8701109525998819 0.7488284776296004 0.8869721646590136 0.7480552218937562 0.9018260895682485 0.7418691760070036 0.9122639827477107 0.7314302235731087 0.9134683550376489 0.7151918531203831 0.9082494084479177 0.7059127842902542 0.9022275469982278
2 0.10067364374678146 0.36197228163430795 0.10443012299106434 0.33856890135622764 0.10743530638649064 0.3260870985412515 0.11119178563077355 0.3089246196706594 0.11494826487505642 0.2855212393925791 0.11795344827048275 0.26835876052198687 0.11344567317734329 0.2636780844663708 0.10518141883992092 0.2636780844663708 0.09616586865364202 0.26211785911449886 0.07437828903680123 0.24651560559577865 0.05634718866424336 0.24027470418829058 0.04658034262910784 0.22623267602144245 0.027797946407693386 0.2028292957433622 0.014274621128274979 0.20126907039149017 0.006761662639709201 0.2028292957433622 0.0037564792442828896 0.21063042250272226 0 0.2231122253176984 0.0052590709419960465 0.23247357742893052 0.017279804523701293 0.2589974084107548 0.027797946407693386 0.28396101404070706 0.036813496593972324 0.29956326755942725 0.047331638477964406 0.3151655210781474 0.05259070941996046 0.3229666478375075 0.06085496375738282 0.33076777459686757 0.06686533054823544 0.32452687318937945 0.07287569733908807 0.32452687318937945 0.08038865582765385 0.3401291267080996 0.08339383922308016 0.3557313802268198 0.09090679771164595 0.3557313802268198
2 0.7831601039886676 0.8701579032529384 0.7803611303137824 0.8788768979607317 0.7752296785764928 0.8837207839095058 0.7691652356142412 0.8856583382890153 0.7668327575518368 0.8934085558070538 0.7575028453022193 0.8885646698582798 0.755170367239815 0.8653140173041646 0.7542373760148533 0.8381882559910296 0.7542373760148533 0.8246253753344626 0.7589023321396619 0.8236565981447076 0.774296687351531 0.826562929713972 0.7845595908261102 0.8362507016115202 0.7929565118507662 0.8401258103705393 0.8055518933877497 0.8420633647500488 0.8190802661496952 0.8478760278885776 0.8363406038114877 0.8556262454066165 0.8489359853484711 0.861438908545145 0.8573329063731272 0.8672515716836738 0.8652633317853019 0.8691891260631835 0.8713277747475536 0.8711266804426931 0.8666628186227447 0.8846895610992604 0.858265897598089 0.8846895610992604 0.8466035072860669 0.8837207839095058 0.834941116974045 0.8750017892017123 0.8326086389116406 0.882752006719751 0.8218792398245803 0.8905022242377895 0.8102168495125586 0.8914710014275441 0.7976214679755749 0.8808144523402411 0.795306660154554 0.8738203960541575 0.7882538345683275 0.8678961185938574
2 0.23791595061899545 0.6003937677382708 0.23335964486223254 0.6003937677382708 0.22950430922189471 0.5996659110968321 0.22670042875619448 0.5931152013238845 0.22424703334870677 0.584380921626621 0.2224946080576441 0.5734630720050417 0.22775188393083204 0.5763744985707961 0.2358130402697202 0.5887480614752527 0.2407198310846957 0.5923873446824459 0.24422468166682093 0.5974823411725163 0.25158486788928414 0.5996659110968321 0.2575431138788971 0.6164066138499206 0.2708615460909733 0.6498880193560972 0.27717027713879877 0.6768187150893265 0.285231433477687 0.6899201346352215 0.29118967946729996 0.6979265576910465 0.29819938063155055 0.7306801065557845 0.30275568638831346 0.7408700995359251 0.30485859673758864 0.7627057987790838 0.31081684272720167 0.7750793616835403 0.30310617144652596 0.7714400784763474 0.29960132086440067 0.7539715190818204 0.29434404499121275 0.7335915331215389 0.28417997830304936 0.7139394038026962 0.2768197920805862 0.6979265576910465 0.2715625162073983 0.6826415682208353 0.26560427021778527 0.6673565787506243 0.26280038975208503 0.6586222990533608 0.25964602422817223 0.6491601627146586 0.2526363230639217 0.6396980263759565 0.2473790471907337 0.6265966068300614 0.24457516672503346 0.6142230439256047 0.24177128625933328 0.6062166208697799
0 0.39187093426902964 0.6877054876480075 0.38735525674021476 0.6994276916440407 0.3856618776669092 0.7111498956400739 0.3822751195202981 0.7181832180376939 0.37663052260927943 0.7017721324432474 0.37663052260927943 0.6830166060495942 0.3800172807558906 0.6525388756599081 0.3850974179758073 0.6431611124630815 0.3896130955046222 0.6548833164591147
0 0.36477686909614027 0.670122181653958 0.365905788478344 0.6443333328626848 0.365905788478344 0.6197167044710151 0.3630834900228347 0.600961178077362 0.35518105434740865 0.6056500596757753 0.35518105434740865 0.6220611452702217 0.35461659465630674 0.6326111288666516 0.35461659465630674 0.6478499940614948 0.3563099737296124 0.663088859256338
6 0.7422872743863432 0.5939567677691896 0.7524513410745066 0.5946846244106282 0.76261540776267 0.5961403376935054 0.7717280192761958 0.5990517642592599 0.7885513020703973 0.6056024740322075 0.8060755549810239 0.6143367537294709 0.8211464124841625 0.6157924670123482 0.8477832769083149 0.6179760369366641 0.8618026792368161 0.6179760369366643 0.8786259620310175 0.6187038935781027 0.8912434241266686 0.6187038935781027 0.9108705873865701 0.6245267467096118 0.9255909598314964 0.6252546033510504 0.9434656978003353 0.6252546033510504 0.9519835470248834 0.625982459992489 0.964951494178747 0.625982459992489 0.9873825379043489 0.6172481802952254 0.9929902988357493 0.6157924670123482 0.9964951494178745 0.6165203236537868 0.9985980597671498 0.6216153201438572 0.9838776873222236 0.625982459992489 0.9684563447608722 0.6303495998411207 0.9561893677234337 0.6332610264068752 0.9435719056277827 0.6332610264068752 0.9278000780082187 0.6325331697654365 0.896256422769091 0.6274381732753662 0.8790826549166773 0.6245267467096117 0.8261594111265851 0.6245267467096117 0.7960176961203075 0.6245267467096117 0.7826992639082313 0.6128810404465938 0.7613196753572672 0.6056024740322075 0.748001243145191 0.6034189041078916 0.7381876615152401 0.6034189041078916