3 0.34572162401055406 0.3733061770334928 0.34915053298153037 0.3724365693779904 0.35224852242744065 0.36792313875598087 0.3529702124010554 0.3565568612440192 0.35267121108179417 0.34296427751196173 0.3516864274406332 0.32954561244019137 0.35069366226912935 0.3186141387559809 0.347954525065963 0.31806622966507175 0.345885209762533 0.32231877990430624 0.34414282453825856 0.33145874641148326 0.342001691292876 0.358096009569378 0.34572162401055406 0.3733061770334928
3 0.29473061345646434 0.35517343540669855 0.2968198786279683 0.34470290909090906 0.2972146385224274 0.3284492153110048 0.2962138944591029 0.320004933014354 0.2945393390501319 0.30800378468899525 0.2914453403693931 0.3112736220095694 0.28969896569920844 0.3216571818181818 0.28895732585751976 0.33924143540669854 0.28890146701846964 0.3566517655502392 0.29473061345646434 0.35517343540669855
3 0.2443615474934037 0.3567642918660287 0.2460999419525066 0.34886791866028705 0.24613984168865438 0.3364319712918661 0.2434366121372032 0.3246917033492823 0.2403505936675462 0.3254743492822967 0.23759150659630607 0.33114441626794255 0.23755160686015833 0.34358036363636363 0.2381974894459103 0.3558423971291866 0.2443615474934037 0.3567642918660287
3 0.02059967678100264 0.6661665406698564 0.02591341029023747 0.6603004401913876 0.03092630474934037 0.6511217703349282 0.03471771503957784 0.6343455358851674 0.03446403034300791 0.616335937799043 0.033895 0.599535933014354 0.03270615831134564 0.5817634976076556 0.028998174142480213 0.5725372918660286 0.022760164907651714 0.5752489330143541 0.021477017150395777 0.5868705645933014 0.018323555408970977 0.5989665263157895 0.018261893139841688 0.6181857224880383 0.017587674142480213 0.6341714066985645 0.015659324538258575 0.6527343923444977 0.016239236147757255 0.6661427703349282 0.02059967678100264 0.6661665406698564
3 0.1810036240105541 0.4260409473684211 0.18166333377308708 0.4145774306220095 0.18045272955145117 0.40358823923444975 0.17924212532981532 0.39259905263157896 0.17708910949868073 0.3841081100478469 0.17334485356200527 0.3861873110047847 0.17329769920844326 0.4008843444976077 0.17481276912928762 0.4140555598086124 0.1763242110817942 0.42835731578947367 0.1810036240105541 0.4260409473684211
3 0.4622487269129288 0.4873046172248804 0.46598210158311343 0.4886170334928229 0.468497617414248 0.4812013492822967 0.4697952744063325 0.46505755502392343 0.4698388007915567 0.4514910622009569 0.46864270448548817 0.4359797081339713 0.46681954353562005 0.421757009569378 0.46368058970976256 0.4293308038277512 0.4617703759894459 0.44224108612440194 0.4604799736147757 0.4561237990430622 0.4597985013192612 0.47437056459330146 0.4622487269129288 0.4873046172248804
3 0.474666709762533 0.49996998564593303 0.47962519788918206 0.5077494306220096 0.48277865963060684 0.49565346889952155 0.4840581807387863 0.48516237799043066 0.4847360263852243 0.4680461531100479 0.4841597427440633 0.45350723444976077 0.4810679419525066 0.446383995215311 0.476076808707124 0.4487794210526316 0.4747972889182058 0.4592705071770335 0.47440577176781007 0.4842214641148325 0.474666709762533 0.49996998564593303
3 0.9467221042216359 0.5294692009569378 0.9498465501319262 0.5264175693779904 0.9520576002638523 0.5168198564593302 0.953036283641161 0.5030161961722488 0.9512022414248021 0.4921851196172249 0.949368197889182 0.48135403827751194 0.9456420778364116 0.4777805358851675 0.9421986596306069 0.4831723062200957 0.9421587612137203 0.49560825837320577 0.9426951464379947 0.5225831291866029 0.9467221042216359 0.5294692009569378
3 0.971743055408971 0.4971423492822966 0.9751719656992084 0.49627274162679424 0.9817434564643799 0.48669879904306224 0.9858139406332455 0.4800183779904306 0.9895872137203167 0.46889484688995214 0.9902541781002638 0.4551702440191388 0.9887427361477572 0.4408684880382775 0.9828164472295515 0.44350107655502397 0.9803480844327176 0.43621973205741627 0.9765965738786281 0.440560014354067 0.9728305540897099 0.4494224641148325 0.9702823944591029 0.467013019138756 0.9699053865435355 0.48744181339712916 0.971743055408971 0.4971423492822966
3 0.6193624868073878 0.6587113110047846 0.6253973693931398 0.6571808038277511 0.6288007678100264 0.653583980861244 0.632226110817942 0.6431473923444976 0.6333839841688654 0.6346526937799043 0.6319015963060686 0.6268275933014354 0.6285333100263852 0.6194807751196173 0.6244106622691293 0.6123252727272728 0.6198801121372032 0.6148411052631578 0.6175906978891821 0.6236227751196173 0.6152968957783641 0.6337723971291865 0.6163757691292876 0.6499008803827752 0.6193624868073878 0.6587113110047846
3 0.4972924591029024 0.5297490526315789 0.5025422585751979 0.5379855406698565 0.5138137717678101 0.5487953875598086 0.5187434472295515 0.5393441196172248 0.5187741688654354 0.5297684401913876 0.5161997414248021 0.5099187177033493 0.5139717717678101 0.49954901913875593 0.5076079881266491 0.4861276842105263 0.5030949947229552 0.4831717033492823 0.4981916530343008 0.48441523923444973 0.4932707559366754 0.4911305933014354 0.49020064907651717 0.5083113014354067 0.4972924591029024 0.5297490526315789
3 0.5359488970976253 0.5800864114832536 0.5513606134564644 0.592579942583732 0.5536544168865436 0.5824303205741627 0.5510580448548813 0.5694203732057417 0.5480757150395779 0.559241990430622 0.5447205949868074 0.5477913110047846 0.5413654736147757 0.5363406267942584 0.5338262612137203 0.5368858086124402 0.5319271939313984 0.541467956937799 0.526646672823219 0.5428071483253588 0.5265940065963061 0.5592226028708134 0.5359488970976253 0.5800864114832536