3 0.34424101451187333 0.4173868229665072 0.3476699248021108 0.41695255023923444 0.3507798852242744 0.4128309186602871 0.35153749604221635 0.4015517081339713 0.3512823944591029 0.38791558851674646 0.35034151055408974 0.3743663253588517 0.34938466622691294 0.36330425358851676 0.34664951846965697 0.36240807655502394 0.3445682308707124 0.36639942583732055 0.3427979089709763 0.3753217272727273 0.3405729643799473 0.4016977846889952 0.34424101451187333 0.4173868229665072
3 0.29334977968337733 0.39276761244019137 0.2954709722955145 0.38255828708133977 0.2959176147757256 0.36634812440191383 0.2949448073878628 0.35777324401913874 0.29331016094986806 0.3455544258373206 0.2902081807387863 0.34843246411483253 0.2884298786279684 0.3585983588516746 0.287632364116095 0.3760955454545455 0.2875206319261214 0.39350587559808614 0.29334977968337733 0.39276761244019137
3 0.24301663192612136 0.3879590717703349 0.2447789722955145 0.38028036363636364 0.24485878100263853 0.3678444114832536 0.2421954617414248 0.35575588038277517 0.2391094432717678 0.3561467272727273 0.23633439182058047 0.36146852631578946 0.23625458311345646 0.37390447368421054 0.2368605567282322 0.38625356937799044 0.24301663192612136 0.3879590717703349
3 0.01844327704485488 0.6690555741626795 0.02377152242744063 0.6638622583732057 0.02880981530343008 0.6553168038277511 0.03265201846965699 0.6390154784688995 0.0324563852242744 0.6209663014354068 0.03194177704485488 0.6040871435406698 0.030810986807387863 0.5861564066985646 0.02713565567282322 0.5764552918660287 0.020894018469656994 0.5783754210526316 0.01957458839050132 0.5898387464114833 0.01638484432717678 0.6015389473684211 0.01626150395778364 0.6207581435406698 0.015536490765171504 0.6366646794258373 0.013550091029023745 0.6549902105263158 0.01408646437994723 0.6684777416267943 0.01844327704485488 0.6690555741626795
3 0.17948781134564643 0.44921351196172254 0.18018380343007914 0.4378291435406699 0.1790094802110818 0.4266816507177033 0.17783515699208444 0.4155341578947368 0.17571116622691293 0.40676618660287084 0.17196328232189972 0.4083704832535885 0.17186896306068603 0.4230675119617225 0.17334049472295515 0.43643660765550235 0.1748047704485488 0.4509362440191388 0.17948781134564643 0.44921351196172254
3 0.460307055408971 0.546238028708134 0.4640331741424802 0.5480253588516747 0.4665704591029024 0.5409262775119617 0.4679189102902374 0.5249407846889952 0.46800597361477575 0.5113742966507178 0.46686067282321897 0.49570464114832535 0.4650846767810026 0.4812444832535885 0.4619239538258575 0.4884225215311005 0.45997383113456464 0.5010953492822966 0.4586398905013193 0.5148197559808613 0.4579003667546174 0.5329873732057416 0.460307055408971 0.546238028708134
3 0.47267424406332453 0.5604864258373206 0.47760370712401057 0.5688990861244019 0.48079345118733513 0.5571988803827751 0.48210562532981527 0.5468660956937799 0.4828378931398417 0.529829023923445 0.48230877440633246 0.515210947368421 0.47924237071240106 0.507691956937799 0.474247610817942 0.5094541674641149 0.47293543667546173 0.5197869521531101 0.47246410026385227 0.5446983349282297 0.47267424406332453 0.5604864258373206
3 0.944250375989446 0.6499784928229665 0.9473820778364117 0.6473226172248804 0.949622154353562 0.638001933014354 0.950644375989446 0.6243170047846891 0.9488466147757256 0.6132484736842104 0.9470488535620053 0.6021799377990431 0.9433372453825857 0.5981315263157895 0.9398793139841689 0.603087961722488 0.9397995052770448 0.6155239138755981 0.9402488153034302 0.642577937799043 0.944250375989446 0.6499784928229665
3 0.9693547757255937 0.6208177033492823 0.9727836860158312 0.6203834306220095 0.9793805738786281 0.6116405741626795 0.9834691978891821 0.6054746411483254 0.9872751253298153 0.594826019138756 0.9879856279683377 0.5811805693779905 0.9865213522427441 0.5666809330143541 0.9805914340369394 0.5685615837320573 0.978148468337731 0.5609636315789474 0.974386073878628 0.564829004784689 0.9705946569920844 0.5732165454545455 0.967992073878628 0.5904904928229665 0.967549758575198 0.6108797081339713 0.9693547757255937 0.6208177033492823
3 0.6167423073878628 0.737677961722488 0.6227771886543536 0.7369136411483254 0.6261893667546174 0.7337477990430621 0.6296454406332455 0.7237421866028707 0.630829654353562 0.7153911531100479 0.6293736081794196 0.7073745023923446 0.6260316609498681 0.6995967081339712 0.6219353535620054 0.6919144497607655 0.6174004142480211 0.6938556459330143 0.6150846596306069 0.702349990430622 0.6127601266490765 0.7122122918660287 0.6137863192612137 0.7284844401913876 0.6167423073878628 0.737677961722488
3 0.49518591820580476 0.5931525358851675 0.5004049868073879 0.6020594354066986 0.511632598944591 0.6143058803827751 0.5165886147757256 0.6054771435406698 0.5166500672823219 0.5959014593301436 0.5141414907651715 0.5757165311004785 0.5119486424802111 0.5650595167464114 0.5056331490765171 0.5508241052631578 0.5011333245382585 0.5472934832535885 0.4962299841688655 0.5479144928229664 0.4912915277044855 0.5540073205741627 0.4881687387862797 0.5708049377990431 0.49518591820580476 0.5931525358851675
3 0.5336491926121372 0.6484222248803827 0.54900822823219 0.6628791052631579 0.5513327612137203 0.6530168038277512 0.548780290237467 0.6396716507177033 0.5458330817941952 0.6291101722488038 0.5425174709762534 0.6172285119617225 0.5392018614775725 0.6053468516746412 0.5316670382585752 0.6049342966507177 0.5297548021108179 0.6092770095693779 0.5244742796833773 0.6099457894736842 0.5243689327176781 0.6263612440191388 0.5336491926121372 0.6484222248803827