3 0.7752175382585753 0.9222095059288538 0.7782712823218997 0.9233435612648221 0.7827255448548813 0.9234988458498024 0.7847984432717677 0.9112399407114624 0.7839503970976254 0.905044790513834 0.7829995290237467 0.8906252766798419 0.7816160949868074 0.8792734743083004 0.7760311042216359 0.8708579881422924 0.7744807005277045 0.8769695217391305 0.7724377783641161 0.8882018774703557 0.7718553298153034 0.8964023517786561 0.7708831820580474 0.9179480079051383 0.7752175382585753 0.9222095059288538
3 0.7986366662269129 0.9189155573122529 0.8017203865435357 0.9190230592885376 0.8055793087071239 0.9160747984189723 0.810093525065963 0.9141769802371542 0.810603129287599 0.8967255849802372 0.8101876490765172 0.8874627233201581 0.8078062849604222 0.875048533596838 0.8035918364116095 0.8666808260869565 0.799017666226913 0.8706317509881423 0.7960967203166227 0.8766955059288538 0.7953344116094987 0.8910552964426878 0.794512147757256 0.9074681936758893 0.7986366662269129 0.9189155573122529
3 0.8312640883905013 0.9056666521739131 0.8343478087071241 0.9057741581027668 0.8426609934036939 0.9029811818181819 0.8482630699208444 0.8990660909090908 0.8545803944591028 0.8941483399209486 0.8592444947229552 0.8871177549407114 0.8601096253298153 0.8809823320158103 0.8603194630606861 0.8737964624505928 0.8584135329815303 0.8685920316205533 0.8554796965699208 0.8633517628458498 0.8512052941952507 0.857037162055336 0.8467810079155673 0.8558553241106719 0.8422368139841689 0.8587796956521739 0.8382280092348285 0.8668607233201581 0.8359923350923483 0.8729483675889329 0.8334440013192612 0.8779975138339922 0.8298677625329816 0.8830108260869565 0.8277648865435356 0.8962962845849802 0.8312640883905013 0.9056666521739131
3 0.5277955448548813 0.8716911106719367 0.5364237757255936 0.8707818814229249 0.5440277084432718 0.8687862569169961 0.5448003007915567 0.8552489011857708 0.5435093443271768 0.834857466403162 0.539382246701847 0.8211492964426877 0.534548506596306 0.8187200671936758 0.5279763482849604 0.8241427351778656 0.5250412849604221 0.834213628458498 0.522742302110818 0.8612620553359684 0.5277955448548813 0.8716911106719367
3 0.898675525065963 0.8745911501976285 0.9048378100263853 0.8702845494071146 0.9158997836411609 0.866148766798419 0.9290770738786279 0.8541742252964427 0.9285870699208444 0.8451142845849803 0.9248368720316622 0.8314192529644269 0.9169219894459103 0.8311433241106719 0.9111695791556729 0.8343338537549407 0.9058929907651715 0.8341499011857708 0.9021239986807388 0.8340185059288538 0.8942232968337731 0.8461770000000001 0.891302414248021 0.8686823201581028 0.898675525065963 0.8745911501976285
3 0.6516221240105541 0.9078387865612648 0.6571642467018469 0.9059768023715415 0.6586546965699208 0.901918371541502 0.6581064182058047 0.8854576956521739 0.6567229841688654 0.8741058932806324 0.6530738984168866 0.8698682885375494 0.6484097994722955 0.8768988695652173 0.6463968535620053 0.8871046719367588 0.6452919076517151 0.9014525177865612 0.6516221240105541 0.9078387865612648
3 0.5871808469656992 0.8829850790513835 0.5913224511873351 0.8821018656126483 0.5961193496042216 0.88226909486166 0.5976697519788918 0.8761575612648221 0.5980294736147757 0.863838928853755 0.5977338997361478 0.8504698577075098 0.5930269313984169 0.8472229683794467 0.5895106451187335 0.8501831778656126 0.5853819327176781 0.8623704110671936 0.5839043746701846 0.8777328656126483 0.5871808469656992 0.8829850790513835
3 0.2231418350923483 0.6228048774703557 0.22521323746701846 0.6266138102766798 0.2298310382585752 0.6286431581027668 0.23359613192612136 0.6278402371541502 0.23480310817941955 0.6185405177865613 0.234507154353562 0.6073200434782609 0.23412944459102905 0.5988992608695652 0.23300803430079156 0.5839132924901186 0.23099113588390502 0.5782379011857707 0.22691455408970976 0.5790299604743083 0.2236089234828496 0.585453976284585 0.22152198944591028 0.5928546600790514 0.21813460554089711 0.6020783636363637 0.2160749221635884 0.6085458181818182 0.2189717796833773 0.6161202450592885 0.2231418350923483 0.6228048774703557
3 0.36650692744063323 0.7616343003952569 0.36965060158311347 0.7596886996047432 0.3717235 0.7474297944664031 0.37083258575197886 0.7309571739130435 0.36988171767810024 0.7165376600790514 0.36806571767810026 0.7082535691699605 0.3652347018469657 0.7112376640316206 0.36173130738786285 0.7255018972332016 0.36140156332453827 0.7367939723320158 0.36175709102902376 0.7481099407114624 0.3611146873350924 0.7583635217391305 0.36650692744063323 0.7616343003952569
3 0.3042455646437995 0.7091114505928853 0.30729930738786276 0.710245509881423 0.31252877176781 0.7073450276679842 0.31351381134564643 0.6971033913043477 0.3131283073878628 0.686813976284585 0.31111955540897096 0.6733851778656126 0.30735056332453825 0.6732537826086956 0.3040270290237467 0.681358699604743 0.3009562005277045 0.6925552173913043 0.3015644327176781 0.7069627865612648 0.3042455646437995 0.7091114505928853
3 0.2579552770448549 0.6499522094861659 0.26257231398416886 0.6562787549407114 0.26979763852242744 0.6555030474308301 0.2705299722955145 0.6421698063241107 0.27007162269129287 0.6226294743083004 0.2673176464379947 0.6112298932806325 0.2639212678100264 0.6100838893280632 0.260747617414248 0.6130560434782609 0.25705146965699205 0.6221755652173913 0.25458887335092345 0.647779652173913 0.2579552770448549 0.6499522094861659