3 0.8048047176781002 0.8244164110671937 0.8078924248021109 0.8251741343873518 0.8123466886543536 0.8247858300395257 0.8140120224274406 0.8123178537549407 0.8129601939313984 0.8062481462450594 0.8115338350923483 0.7919958893280632 0.8097768007915568 0.7808531581027668 0.8039201002638523 0.7731485217391304 0.8025734788918205 0.7794273162055336 0.8009041569920844 0.7908687430830039 0.8005934168865436 0.7991110316205534 0.800334506596306 0.8206985059288537 0.8048047176781002 0.8244164110671937
3 0.8280879907651715 0.8182790632411068 0.8311717110817941 0.8180102371541502 0.8349287427440634 0.8146020158102767 0.8393750316622691 0.8121606047430829 0.839307253298153 0.7947092134387351 0.8385861002638523 0.7855299802371541 0.8357971728232191 0.7734503043478261 0.8313110145118733 0.7656261897233202 0.8268726992084432 0.7701207035573123 0.8241555356200527 0.776518976284585 0.8238687163588391 0.7909205810276679 0.8235898720316622 0.8073752924901186 0.8280879907651715 0.8182790632411068
3 0.8602399208443272 0.8010995849802371 0.8633236411609498 0.8008307588932807 0.8715349353562005 0.7970342292490119 0.8770011569920845 0.7924501067193677 0.8831486635883905 0.7867796877470355 0.887575018469657 0.7792055177865612 0.8882363680738787 0.7729864624505929 0.8882084591029024 0.7658005928853755 0.8861327110817941 0.7608470513833993 0.8830290554089709 0.7559831146245058 0.8785508720316623 0.7502121027667984 0.8740926213720316 0.74957385770751 0.8696503192612137 0.7530418181818181 0.8659132229551451 0.7615828063241107 0.8638813311345647 0.7679213399209486 0.8615028166226913 0.7732631897233201 0.858096395778364 0.7786946482213439 0.8564350474934037 0.7921891778656127 0.8602399208443272 0.8010995849802371
3 0.5559981055408971 0.8042421027667984 0.5645863443271768 0.8022842055335968 0.5721155567282322 0.7993686600790514 0.5724398284960421 0.7857853083003953 0.5704763905013193 0.7656238537549407 0.5659009736147758 0.7524676363636363 0.5609925131926121 0.7506363596837945 0.5546071556728233 0.7568409604743083 0.5520083311345647 0.7672338260869566 0.5506059894459102 0.7944662371541502 0.5559981055408971 0.8042421027667984
3 0.926546592348285 0.7619163043478261 0.9325594366754617 0.7568737707509882 0.9434719696569921 0.7514040988142292 0.9562382994722954 0.7378656877470355 0.9554494155672822 0.7288977391304348 0.9512508970976253 0.7157086679841898 0.9433360158311347 0.7163986561264822 0.9376956846965699 0.7202791264822134 0.9324190963060687 0.7207391185770751 0.928650104221636 0.7210676877470356 0.9211603627968338 0.7341461027667985 0.9189866807387863 0.7569273992094862 0.926546592348285 0.7619163043478261
3 0.680876741424802 0.8251648814229249 0.6863509379947229 0.822633861660079 0.6877055329815304 0.8184081739130434 0.6866138350923483 0.8020729407114624 0.6848568007915566 0.7909302134387352 0.6810718614775726 0.7871525691699605 0.6766455065963061 0.7947267391304348 0.6749721978891821 0.8051416126482214 0.6743427440633245 0.8195730869565218 0.680876741424802 0.8251648814229249
3 0.6156882638522427 0.8082559525691699 0.6197959050131926 0.8068709683794466 0.6245928034300792 0.806452790513834 0.6259394248021108 0.8001739960474308 0.625891580474934 0.7878553675889328 0.6251544802110818 0.7745699249011858 0.6203456200527704 0.771908442687747 0.6169312255936675 0.7752867944664031 0.6132100765171504 0.7879339920948616 0.6122419736147757 0.8034218893280632 0.6156882638522427 0.8082559525691699
3 0.2434693654353562 0.593383513833992 0.24566427176781003 0.5969263517786562 0.25034382453825854 0.5983854980237153 0.2540780435356201 0.597126418972332 0.2549762585751979 0.5877126600790514 0.2543097915567282 0.5765682134387352 0.25365419788918203 0.5682234545454545 0.25203877044854883 0.5534275533596837 0.24983661609498684 0.548018256916996 0.24579091029023745 0.5493044901185771 0.24270141292875988 0.5561086403162054 0.24086148680738784 0.5637373992094862 0.23778286279683375 0.5733412371541502 0.23593931266490764 0.5800367707509881 0.23908317678100263 0.5872310671936759 0.2434693654353562 0.593383513833992
3 0.3912577889182058 0.7142404624505928 0.39433353562005274 0.7119185296442687 0.39599886939313983 0.6994505533596839 0.394564536939314 0.6831451897233202 0.39313817678100266 0.6688929328063241 0.3910504683377308 0.6608597312252964 0.3883213443271768 0.6641783438735178 0.3852934406332454 0.6788189090909091 0.3853372968337731 0.6901109841897234 0.38606642480211084 0.701343324110672 0.3857636583113457 0.7116387193675889 0.3912577889182058 0.7142404624505928
3 0.3273322058047493 0.669495138339921 0.3304199142480211 0.6702528656126482 0.3355474868073879 0.6667251620553359 0.3361928891820581 0.6563998972332016 0.3354677480211082 0.6461941146245059 0.3330174696569921 0.6330580158102767 0.3292484775725594 0.6333865849802371 0.3261966530343008 0.6418678300395257 0.3234994234828496 0.6533988656126481 0.32458314775725594 0.6676809920948616 0.3273322058047493 0.669495138339921
3 0.27913995382585755 0.6161899446640315 0.28396077308707124 0.6219310869565218 0.2911521345646438 0.6202772727272727 0.2914429406332454 0.6069022173913043 0.29033928100263856 0.5874873280632411 0.2872117044854881 0.5764640790513834 0.28378136147757255 0.5757362213438735 0.2807096029023747 0.5790847075098814 0.27731912796833774 0.5886223754940711 0.2757056240105541 0.6144355375494072 0.27913995382585755 0.6161899446640315