3 0.5505150717131474 0.9130809433962264 0.5563017828685258 0.9098460377358489 0.5643880577689243 0.9117806037735849 0.5768850298804782 0.9147703899371068 0.5898815756972111 0.9063313836477986 0.596262077689243 0.8963095471698113 0.5956967768924303 0.8684583584905661 0.5942550358565737 0.8334685094339622 0.5900612629482072 0.8070589056603773 0.5843501513944223 0.7779766289308176 0.5748692430278884 0.7433731383647799 0.565670984063745 0.7226952452830189 0.558084280876494 0.7093318867924528 0.5507331215139443 0.7075731886792452 0.5435232868525895 0.7127772893081761 0.5364547768924303 0.7249441886792453 0.5316858326693228 0.7422805534591196 0.5270111035856574 0.7642587924528302 0.5255594900398407 0.8008660943396226 0.523137219123506 0.8256928742138365 0.5232029442231075 0.8649728490566039 0.5210162151394422 0.9014042893081762 0.5260393187250996 0.9326316226415095 0.531778922310757 0.9270757861635219 0.5360954023904382 0.92348913836478 0.5438990278884462 0.9114981132075471 0.5505150717131474 0.9130809433962264
3 0.6276551414342629 0.9292263333333333 0.6415752370517928 0.9302469245283018 0.6531486593625498 0.923777106918239 0.6680679023904382 0.9019401194968554 0.6689257250996017 0.8721197421383647 0.6680777749003984 0.8303429622641509 0.6638368944223108 0.8016124213836477 0.6589551155378487 0.7773478805031446 0.6459870597609562 0.7511487735849056 0.6378536752988048 0.7468932767295597 0.6327549721115537 0.7479831194968554 0.6277975936254979 0.7560357610062893 0.6235753306772908 0.7642642704402516 0.619682826693227 0.7887393081761006 0.6165254402390438 0.813390213836478 0.6143387091633467 0.8498216540880503 0.6134337768924303 0.8773211006289309 0.6185039900398407 0.9108693710691823 0.6276551414342629 0.9292263333333333
3 0.4441960298804781 0.9731025849056604 0.4494360597609562 0.9789755345911949 0.45688143625498007 0.9853761006289309 0.4627152549800797 0.9844621257861635 0.46854907569721116 0.9835481509433962 0.480028280876494 0.9724364716981132 0.4869554641434263 0.953306779874214 0.4864372729083665 0.9277765220125787 0.4828372908366534 0.8945799937106917 0.47750304581673303 0.884065176100629 0.4691341195219123 0.8682050188679246 0.464911858565737 0.8764335283018869 0.4575606972111554 0.8746748301886792 0.44983267131474103 0.8543486729559749 0.44670377290836655 0.8443614654088051 0.44105838844621514 0.8545591698113207 0.43716588446215143 0.8790342075471698 0.4337444641434263 0.9267185660377358 0.43445108964143425 0.9615325471698114 0.4441960298804781 0.9731025849056604
3 0.3984775139442231 0.95523586163522 0.4050935577689243 0.9568186918238994 0.41391495019920316 0.9589291257861635 0.42029545219123504 0.9489072955974843 0.41854256972111553 0.934629962264151 0.40576294820717135 0.9177145849056604 0.3983175717131474 0.9113140188679246 0.3917201454183267 0.9466902389937107 0.3984775139442231 0.95523586163522
3 0.7624797410358566 0.8427843081761006 0.7753510338645418 0.838424176100629 0.7819992928286853 0.8176963081761006 0.7791762569721116 0.7947025220125786 0.7736060577689242 0.7524528301886793 0.7718910657370518 0.7260043962264151 0.7634519482071713 0.7165459496855346 0.7587921693227092 0.7191508742138365 0.7548910756972111 0.7591346477987422 0.7495784661354582 0.7876215220125786 0.7467854163346613 0.8241506477987421 0.7624797410358566 0.8427843081761006
3 0.9429867828685259 0.7488354528301887 0.9510730577689243 0.7507700188679245 0.962552264940239 0.7396583396226415 0.9635985199203186 0.7191216918238994 0.960780764940239 0.688421962264151 0.9602247868525897 0.659469496855346 0.9502982828685259 0.6347762641509435 0.9397189462151394 0.6359649937106918 0.9331465557768924 0.6604307421383647 0.9314615498007969 0.6935052264150944 0.9392663984063745 0.7396201572327044 0.9429867828685259 0.7488354528301887
3 1 0.6429899811320754 0.9943493844621514 0.6456403773584906 0.9875635239043825 0.6717328679245284 0.986253235059761 0.7153029748427673 0.9939341553784861 0.7333081949685535 1 0.7347593962264152 1 0.6429899811320754
3 0.8755706075697212 0.7765903270440252 0.8828746593625498 0.7760280943396227 0.8913662928286852 0.7618920062893082 0.8930534482071714 0.736889358490566 0.8911592410358566 0.7156492327044025 0.8842134382470119 0.6978198805031447 0.8776445039840637 0.6985579811320755 0.8715466513944223 0.7225054088050314 0.8695954641434263 0.7705415094339623 0.8755706075697212 0.7765903270440252
3 0.83321653187251 0.7803154779874214 0.8427259302788844 0.780280855345912 0.8482299920318725 0.7631203522012578 0.8471180079681275 0.7443770251572327 0.8451766932270917 0.7208159622641509 0.8384193227091634 0.7122703396226415 0.8296921494023903 0.7148017672955975 0.8235000796812749 0.7341073270440251 0.8199844422310757 0.777149823899371 0.83321653187251 0.7803154779874214
3 0.13420490039840635 0.7179004716981132 0.14714783266932271 0.7342685911949686 0.17180991035856574 0.748131748427673 0.20988076693227092 0.7598941823899371 0.20606839641434263 0.7377474779874215 0.19871434860557768 0.7067904716981132 0.1916309920318725 0.6891698742138365 0.1828580019920319 0.6711450503144654 0.1588783247011952 0.6494821572327044 0.1504301653386454 0.6474610125786164 0.14040064940239044 0.6503702012578616 0.1337503984063745 0.6540878490566038 0.12922288645418326 0.6795479685534591 0.13420490039840635 0.7179004716981132
3 0.08644070517928287 0.6427694402515723 0.0984846812749004 0.6562681635220126 0.11480687649402391 0.6734447421383648 0.12562706772908366 0.6680703899371069 0.12593050199203187 0.6415996981132076 0.12111090039840637 0.611249037735849 0.1155547609561753 0.586030823899371 0.10983620517928286 0.5528107735849056 0.10269871115537849 0.5325228930817609 0.0927774721115538 0.540766641509434 0.08808754382470119 0.5582249182389937 0.08260693824701194 0.5781483647798742 0.07723460956175299 0.6034063647798743 0.07914079482071713 0.6144797169811321 0.08644070517928287 0.6427694402515723
3 0.26023354980079677 0.8382988301886792 0.26413280079681273 0.8233057232704403 0.2611111075697211 0.798693855345912 0.25667047609561755 0.7870141572327044 0.252554671314741 0.791338144654088 0.24971679083665338 0.8172024968553459 0.26023354980079677 0.8382988301886792