3 0.5157329860557769 0.9229609371069182 0.5217253227091634 0.919834716981132 0.5298115976095618 0.9219187358490567 0.5423085697211155 0.9251394905660378 0.5558191772908366 0.9169450377358491 0.5627137390438247 0.9070454779874214 0.5633821832669322 0.8791942955974842 0.5634826254980079 0.844190855345912 0.5604197868525896 0.8177133207547169 0.5559424183266932 0.7885359371069182 0.5479008804780877 0.7537694150943397 0.5395251175298805 0.7329284842767295 0.5324524760956175 0.7194292641509433 0.5251013167330677 0.7175347044025158 0.5175830458167331 0.7226029371069183 0.5098976633466136 0.7346339748427674 0.5043062211155378 0.7518752389937107 0.4986033725099601 0.7737583710691823 0.49550676494023904 0.8103249182389938 0.4919535577689243 0.8350973459119496 0.4902714780876494 0.8743637358490566 0.4864397549800797 0.9107408301886792 0.4901263007968128 0.9420496855345912 0.4961743406374502 0.936602534591195 0.5006964442231076 0.9330974088050316 0.5091169422310757 0.9212558301886793 0.5157329860557769 0.9229609371069182
3 0.5929758685258963 0.9405328867924527 0.6069987768924303 0.9418116226415095 0.6189834482071713 0.9355591886792453 0.635033625498008 0.9140075094339623 0.6372280059760956 0.8842143018867924 0.6382306733067729 0.8424375220125786 0.6352235378486056 0.8136390566037736 0.6313698804780876 0.789293 0.6194299462151394 0.7628629245283018 0.611399374501992 0.7584579748427673 0.606197858565737 0.759452710691824 0.6008292310756972 0.767410251572327 0.5961957211155379 0.7755572452830188 0.5911722828685259 0.7999507610062894 0.5868839621513944 0.8245337358490566 0.5830522370517929 0.8609108301886793 0.5809135597609562 0.8883831006289309 0.5845444043824701 0.9220128867924529 0.5929758685258963 0.9405328867924527
3 0.4056098964143426 0.9809853899371069 0.41064430079681274 0.9869534465408806 0.41788405378486054 0.9934898742138365 0.4238206852589641 0.9926845911949685 0.4297573167330677 0.9918793081761006 0.4418533964143426 0.9809850062893082 0.449705890438247 0.9619911761006289 0.4503186314741036 0.9364609245283019 0.44815801992031873 0.9032100503144654 0.4432350219123506 0.8926001257861634 0.4354829701195219 0.8765905157232704 0.43084945816733067 0.8847375094339622 0.4234982988047809 0.8828429496855346 0.4165927689243028 0.8623809308176101 0.41387511952191236 0.8523393773584906 0.40771567330677294 0.8624283899371069 0.40269223505976093 0.8868219119496855 0.3971117609561753 0.9344247484276729 0.39627620517928286 0.9692387358490566 0.4056098964143426 0.9809853899371069
3 0.3601998167330678 0.962276320754717 0.36681586055776894 0.9639814276729559 0.3756372529880478 0.9662548993710691 0.3825318167330677 0.9563553396226415 0.38139580677290835 0.9420508364779874 0.3692330577689243 0.9249044905660376 0.3619933047808765 0.9183680628930817 0.3537508844621514 0.9536084213836478 0.3601998167330678 0.962276320754717
3 0.7330841653386454 0.8566274150943396 0.7462866155378486 0.8525079748427673 0.7539283545816733 0.8319113962264151 0.7520988007968128 0.8088738427672956 0.7483499800796813 0.7665366289308176 0.7477940478087649 0.740066320754717 0.7396860896414342 0.7304547044025157 0.7348607310756972 0.732972106918239 0.7291382589641434 0.7728683522012578 0.7225010079681276 0.8012458238993712 0.7180521593625497 0.8377093081761007 0.7330841653386454 0.8566274150943396
3 0.9196955577689243 0.766066358490566 0.9277818326693228 0.7681503773584906 0.9398779103585657 0.7572560817610063 0.9418494760956175 0.7367466037735849 0.9403682768924302 0.7060061132075471 0.9410951673306773 0.6770542389937106 0.9321621434262949 0.6521859622641509 0.9214172270916334 0.6531777610062893 0.9136857768924302 0.6775122264150943 0.9105105498007968 0.7105429433962264 0.9163457609561753 0.7567854465408805 0.9196955577689243 0.766066358490566
3 0.971876673306773 0.7514911572327044 0.9792278346613547 0.7533857169811321 0.9861780996015935 0.7411652264150943 0.9879049163346614 0.6692163270440251 0.9829262171314741 0.6609273396226415 0.976198764940239 0.6638641006289309 0.9681791593625498 0.6898207232704402 0.9649154402390437 0.7333500691823899 0.971876673306773 0.7514911572327044
3 0.8503259521912351 0.7925587232704402 0.8577328147410358 0.7921323522012579 0.8669441334661355 0.7781592955974843 0.8697622231075697 0.7531974088050314 0.8687933247011952 0.731930106918239 0.8625672071713147 0.7139784779874213 0.8558954601593625 0.7145943081761007 0.8486666733067729 0.7384194591194968 0.8445564302788845 0.7864012075471698 0.8503259521912351 0.7925587232704402
3 0.8073550019920319 0.7954958679245283 0.8169672131474104 0.7956378616352202 0.8232937709163347 0.7785860503144654 0.8230042848605578 0.7598291383647798 0.8220910916334662 0.7362409056603774 0.8156421573705179 0.727573 0.806709358565737 0.7299413962264151 0.7995919820717131 0.749124679245283 0.7941229143426295 0.7920856540880503 0.8073550019920319 0.7954958679245283
3 0.10367755179282868 0.7201223081761007 0.11602970916334661 0.7367246352201258 0.14033732470119523 0.7510405974842767 0.17829002589641435 0.7635056477987421 0.1754228924302789 0.7412964842767296 0.16936854581673308 0.710214572327044 0.16299411553784862 0.6924690628930817 0.15493005378486058 0.6742881006289309 0.1316593047808765 0.6521880251572327 0.12321114342629481 0.6500107421383647 0.11294532071713148 0.6527325660377358 0.10605875896414343 0.6563253018867924 0.10034970119521912 0.6816917358490566 0.10367755179282868 0.7201223081761007
3 0.0587490657370518 0.6441325220125786 0.07032042430278884 0.6578498364779874 0.08605184462151394 0.6753230817610063 0.09722650199203188 0.6701517044025157 0.09871148007968127 0.6436966226415094 0.09519158167330678 0.6132678993710692 0.0906988326693227 0.587956 0.08639813147410359 0.5546422641509434 0.08008771912350597 0.5342294779874214 0.06969386055776892 0.5422858616352201 0.06417685059760957 0.5596504528301887 0.05775100796812749 0.5794646037735849 0.051197133466135455 0.6046133144654088 0.05263070119521912 0.6157178930817611 0.0587490657370518 0.6441325220125786
3 0.22568894422310756 0.842815899371069 0.23029712151394421 0.827900855345912 0.22833882071713146 0.803242144654088 0.22437080677290838 0.7914843773584906 0.2200186952191235 0.7957303018867925 0.2159992669322709 0.8215321949685535 0.22568894422310756 0.842815899371069