0 0.7536095338645418 0.2792870487804878 0.7556328864541834 0.26338890731707315 0.7563299023904383 0.2471494 0.756887515936255 0.23415779024390243 0.7561884960159363 0.21920086341463416 0.756815812749004 0.2045853024390244 0.7567102589641435 0.19142301463414635 0.7512993665338645 0.1768952487804878 0.7424690876494024 0.17954820487804876 0.736012671314741 0.18937970731707315 0.7307431852589641 0.20280047804878049 0.728928938247012 0.21382676585365856 0.7290344920318725 0.22698905853658535 0.7283374760956175 0.24322856585365854 0.7297693625498008 0.2567322292682927 0.7335751135458167 0.2774144292682927 0.7398582768924303 0.2872410243902439 0.7466652051792829 0.3004862097560976 0.7536095338645418 0.2792870487804878
0 0.7765774342629482 0.306543043902439 0.7781467231075697 0.28560236585365856 0.7786346334661355 0.27423470731707317 0.7796104581673307 0.25149939024390244 0.7799928167330678 0.22696944390243903 0.7759441115537848 0.22756928780487806 0.77234946812749 0.23321167317073171 0.7697326513944224 0.24731518048780488 0.7676395976095617 0.2648372731707317 0.7673966434262948 0.2861193219512195 0.7675718984063745 0.2976576585365854 0.7687946812749004 0.3160331756097561 0.7765774342629482 0.306543043902439
0 0.6945409103585657 0.2625753902439025 0.6995086274900398 0.2587951463414634 0.7000662410358566 0.24580354146341465 0.699960687250996 0.2326412487804878 0.694934155378486 0.22477997073170733 0.6908495976095617 0.2105935756097561 0.6880575258964143 0.21315874146341462 0.6862791314741036 0.23897127317073172 0.6890373545816733 0.2528163024390244 0.6945409103585657 0.2625753902439025
0 0.7891550577689244 0.27692456097560975 0.7897609681274901 0.2628077219512195 0.7902803187250995 0.2507075707317073 0.7919917151394422 0.23993371219512194 0.7942669840637451 0.23542188780487805 0.7962380557768924 0.218597956097561 0.7970603625498008 0.19943938536585368 0.7948271274900398 0.18357232682926827 0.7900589482071714 0.17826716585365854 0.78531303187251 0.1821431024390244 0.7826482490039841 0.19573003414634146 0.7820423386454184 0.2098468780487805 0.7817393844621514 0.21690529756097562 0.7814364282868527 0.22396371707317073 0.7818704641434262 0.2332507951219512 0.7815675099601593 0.2403092146341463 0.7813078346613547 0.24635928780487804 0.7810481593625499 0.25240936585365853 0.7811569780876494 0.25957376585365854 0.7811359601593625 0.2697632048780488 0.7806598884462151 0.28085500975609756 0.7810506454183267 0.29115042926829265 0.7826767270916334 0.30176379512195123 0.7863826992031873 0.30271762926829265 0.7885491494023904 0.2910414048780488 0.7891550577689244 0.27692456097560975
0 0.7632787928286853 0.2784204829268293 0.7638414243027889 0.26531198536585365 0.7662242709163347 0.24859403414634146 0.7667436215139443 0.23649388292682927 0.7685848545816732 0.22269498536585366 0.7690176474103585 0.2126115268292683 0.7694504402390439 0.2025280682926829 0.7698399541832669 0.193452956097561 0.7698176932270917 0.18427186341463414 0.7687554860557769 0.17992053658536586 0.7652226294820716 0.17493332195121952 0.761603217131474 0.1719627951219512 0.7592846673306773 0.17748296585365855 0.7604556952191235 0.18899869268292682 0.75989306374502 0.20210719024390242 0.7594602709163346 0.2121906487804878 0.7590707589641434 0.22126576097560977 0.7586812450199203 0.2303408731707317 0.7583350099601593 0.23840763902439022 0.7575770019920318 0.2463684243902439 0.756689155378486 0.25735424390243905 0.7558878665338645 0.2663233756097561 0.7571677131474103 0.2850035073170732 0.7618926135458168 0.29131701463414633 0.7632787928286853 0.2784204829268293
0 0.8143705 0.3093373512195122 0.8168348007968127 0.29886941951219514 0.8183026055776893 0.2881450048780488 0.8182233007968127 0.27825598048780487 0.8171998705179283 0.2668903853658537 0.8128727490039841 0.26207595121951216 0.8078648426294821 0.2731227951219512 0.8073411633466135 0.2853237804878049 0.8071062609561753 0.3025333951219512 0.8090214501992031 0.31659566829268293 0.8143705 0.3093373512195122
0 0.8365282868525897 0.29777019024390244 0.8384419721115538 0.28839411219512195 0.8362649422310757 0.28043233658536587 0.8309413247011952 0.27536142926829266 0.8272964900398406 0.27812405853658534 0.8265364023904382 0.28409631219512194 0.8289498406374501 0.2982868243902439 0.8365282868525897 0.29777019024390244
0 0.6606595637450199 0.2806226487804878 0.6629875657370518 0.2744814243902439 0.6634167828685259 0.2644813024390244 0.6624489920318726 0.2549641707317073 0.6571113406374501 0.2510627317073171 0.6528130179282868 0.2550117414634146 0.6542468187250996 0.26970410731707317 0.6554833844621514 0.28097551707317076 0.6606595637450199 0.2806226487804878
0 0.6772979422310756 0.2697390975609756 0.6815962669322708 0.26579008780487806 0.6816136354581673 0.25736906341463417 0.6810576912350598 0.24627283414634146 0.6796780537848606 0.2383348 0.6753613326693227 0.2346961268292683 0.6714390876494024 0.23789937560975608 0.6710098705179283 0.2478995024390244 0.6717630537848606 0.26241669756097563 0.6744681613545817 0.2715384243902439 0.6772979422310756 0.2697390975609756
0 0.59410140438247 0.7045535951219513 0.5968460557768924 0.6973132536585366 0.601701609561753 0.6786960878048781 0.6042342031872511 0.6574943560975609 0.6042751613545817 0.6376380195121951 0.6026269163346614 0.6193336097560975 0.6016967629482072 0.6032007073170731 0.6008509501992032 0.5851028292682927 0.6003424920318725 0.5591450243902439 0.5943447290836654 0.5476678975609756 0.5894457948207171 0.5483937121951219 0.5857300318725099 0.5593574829268293 0.5807901414342629 0.5799396341463414 0.5799467509960159 0.5995894390243902 0.5814263187250996 0.6218238097560976 0.5804142490039841 0.6454035804878049 0.5823588924302788 0.6757044000000001 0.58223359561753 0.6975257170731708 0.5859084023904382 0.7064182780487804 0.59410140438247 0.7045535951219513
0 0.6355243187250996 0.6142491902439025 0.6392093466135458 0.6133427463414635 0.6410263545816733 0.6004730195121951 0.6414786015936256 0.5836393317073171 0.6421533147410359 0.5679194878048781 0.6428280258964143 0.5521996390243902 0.6419822131474104 0.5341017609756097 0.6411364003984065 0.5160038780487805 0.6369555597609562 0.5189012000000001 0.6329024402390437 0.5377248975609756 0.6298204302788845 0.552825156097561 0.6278045836653386 0.5706412926829268 0.6263601075697212 0.5956416780487804 0.6306686673306773 0.6086707268292684 0.6355243187250996 0.6142491902439025
0 0.7211839362549801 0.5726032926829269 0.7233791752988048 0.5592614829268293 0.7271792768924302 0.5463327317073171 0.7284877450199203 0.5347493756097561 0.7299648884462151 0.5192360585365854 0.7322444661354582 0.5039292682926829 0.7281045836653387 0.4869702536585366 0.7217694641434262 0.4833530487804878 0.7176729641434263 0.48428539024390244 0.7148439721115538 0.4934907121951219 0.7112125458167331 0.5024895073170732 0.7073281055776892 0.5173832390243902 0.7055136035856573 0.5407564780487805 0.7085980358565737 0.5634039073170731 0.7144271215139443 0.5788109951219512 0.7211839362549801 0.5726032926829269
0 0.7353551274900398 0.6143150634146342 0.740296422310757 0.6155868390243903 0.74298346812749 0.6111810000000001 0.7448679800796812 0.5963737560975609 0.743112061752988 0.5887854292682927 0.7416368366533864 0.5649575853658536 0.7426545219123506 0.5509467268292683 0.7443659163346614 0.540172868292683 0.7449285478087649 0.5270643707317073 0.7438008007968127 0.5145402975609756 0.7376451972111554 0.5027611365853659 0.73463293625498 0.5050443024390244 0.7328782609561753 0.5168265073170731 0.7322290737051793 0.5319516975609756 0.7310382709163347 0.5499959365853658 0.7296953705179283 0.5618841268292682 0.7268784880478089 0.5693150048780488 0.7250372549800796 0.5831139024390244 0.7261650019920318 0.5956379756097561 0.7314970557768924 0.6072051756097562 0.7353551274900398 0.6143150634146342
0 0.8575438047808764 0.6132978292682927 0.8605063525896415 0.602958131707317 0.8616853824701195 0.587225087804878 0.8622090617529881 0.5750241024390244 0.8625487011952191 0.5553742926829268 0.8626788685258965 0.5406048731707317 0.8628614043824702 0.5246153560975609 0.8595831454183267 0.5188372975609756 0.857458484063745 0.5096554243902439 0.853761280876494 0.513638156097561 0.8512969800796814 0.5241060878048781 0.850563828685259 0.5411874682926829 0.8497783107569721 0.5594889463414634 0.8489404243027888 0.5790105170731707 0.8500955258964144 0.599045043902439 0.8521947569721116 0.6205561414634146 0.8575438047808764 0.6132978292682927
0 0.8762392928286852 0.5885037804878049 0.8781529780876494 0.5791277024390244 0.8800666633466135 0.5697516292682927 0.8805903426294821 0.557550643902439 0.8795145438247012 0.5474051463414634 0.8781499701195219 0.5322510146341464 0.874216358565737 0.5300050146341463 0.8710697709163346 0.5328958829268293 0.869340125498008 0.5497207902439024 0.8694463645418328 0.5707189365853659 0.8705490996015937 0.5919735609756097 0.8762392928286852 0.5885037804878049
0 0.5348993625498007 0.642117731707317 0.537970641434263 0.6392960487804878 0.5418875139442231 0.6511406390243903 0.5499118386454184 0.6532059170731708 0.5580128326693227 0.6534848487804878 0.5629264402390438 0.6421069414634146 0.5657282669322709 0.6283794292682926 0.568683438247012 0.6110792292682927 0.5740965119521911 0.605248112195122 0.5772050258964143 0.5843752146341463 0.5781250896414343 0.5629390634146342 0.5783156673306773 0.541315156097561 0.5790823864541833 0.5234516926829268 0.5777373247011952 0.5032386292682928 0.5730515298804781 0.4749414195121951 0.5686746274900398 0.47381490243902435 0.5621092709163347 0.47212513170731707 0.5559667111553784 0.47776849268292687 0.5495941374501991 0.48877089756097564 0.543374906374502 0.4962006048780488 0.5361961752988048 0.5088016 0.5315125836653387 0.5148204731707317 0.5263689621513944 0.5315574195121952 0.5231071035856574 0.5560030048780488 0.5209975258964143 0.5879694829268293 0.5226120418326693 0.619088375609756 0.5247632589641434 0.6377028487804878 0.5348993625498007 0.642117731707317
0 0.6560694442231075 0.6715199268292683 0.6594969701195219 0.6540291804878049 0.6599456055776892 0.6327619463414633 0.6577943884462152 0.6141474780487804 0.6585611055776892 0.5962840146341464 0.6594811693227092 0.5748478634146341 0.654874249003984 0.5790803853658536 0.6498072988047808 0.5940309853658536 0.6475816115537848 0.6115189414634147 0.6465082071713147 0.6365277853658536 0.6443015498007968 0.6798165707317072 0.6467986992031872 0.6959951365853658 0.6560694442231075 0.6715199268292683
0 0.5032698625498008 0.609915443902439 0.5035840697211156 0.6025948536585366 0.5040030119521912 0.5928340634146342 0.5028224780876495 0.5851287609756097 0.5002519362549801 0.5745985512195122 0.5023227270916335 0.5615621804878049 0.5021910537848605 0.5528932536585366 0.5011152549800797 0.5427477512195122 0.5030289402390439 0.5333716780487805 0.5088762370517929 0.5262416 0.5073021912350597 0.5159678634146341 0.5010868147410359 0.5082002829268293 0.49586793227091636 0.5006891804878049 0.4895478207171315 0.4953617951219512 0.4833593804780877 0.4987033414634146 0.47916393027888443 0.5025578341463415 0.4728707549800797 0.5083395756097561 0.46940996015936254 0.5185510341463414 0.4669980258964143 0.5277988731707317 0.4640354780876494 0.5381385707317072 0.4630135517928287 0.5502113170731707 0.4638798784860558 0.5652372097560976 0.46668682868525896 0.5819961512195122 0.4725610597609562 0.5859752 0.47804178087649407 0.5873858146341463 0.48263074302788844 0.5860997512195122 0.48465066932270917 0.5977218292682926 0.4852551573705179 0.6188482146341463 0.48717034661354586 0.6329104829268293 0.4946440577689243 0.6348340439024389 0.49954722709163346 0.6262273951219512 0.5032698625498008 0.609915443902439
0 0.6296453306772908 0.5038786780487805 0.6321832470119523 0.49639027317073176 0.6343459063745019 0.4847344829268293 0.6359028864541832 0.4742797414634146 0.6331328964143427 0.4613544 0.627219312749004 0.45711850731707315 0.6273065478087649 0.46799643414634146 0.6255191474103585 0.4838196146341463 0.6237893505976095 0.4983006829268293 0.6238189820717132 0.5105207170731707 0.6296453306772908 0.5038786780487805
4 0.6572575717131475 0.7961426 0.671054876494024 0.7948859268292683 0.6962993984063746 0.8013832926829269 0.7205729780876494 0.807630756097561 0.7312533525896414 0.810379643902439 0.7399918406374503 0.8126287317073171 0.7505701653386454 0.817755243902439 0.7621194322709164 0.8231316536585366 0.7930875637450199 0.8335060341463415 0.809491547808765 0.8401319365853659 0.8230847509960159 0.8436305219512195 0.8387218924302788 0.8452512731707317 0.8658062509960159 0.8546260585365854 0.8897736792828685 0.8680064048780488 0.9032648326693227 0.8738826146341464 0.9168580378486056 0.8773811951219512 0.924421482071713 0.8841356341463414 0.9347957071713148 0.8940174000000001 0.9532436274900399 0.8987654731707317 0.9609091215139441 0.9031422926829269 0.9694435099601594 0.9101466341463414 0.9797156832669323 0.9224060243902439 0.980327984063745 0.9081402634146342 0.9811443864541833 0.8891192487804878 0.9819607888446216 0.8700982390243902 0.9808353047808764 0.8505774243902439 0.982059906374502 0.8220459073170732 0.9810364721115538 0.8001474682926829 0.9819549243027889 0.7787488292682927 0.9798584980079681 0.7589781170731708 0.9658046015936255 0.7433415073170732 0.9624164143426295 0.7328538975609756 0.9554652709163347 0.7118336926829268 0.947645235059761 0.6881859658536585 0.9388542549800797 0.6642883414634146 0.9287861812749003 0.6472736926829268 0.9190767509960159 0.6447747073170731 0.9094155856573706 0.6390927512195123 0.8899967211155378 0.6340947756097561 0.8820250756972111 0.6368508390243902 0.8699655577689244 0.6433625658536586 0.8616877609561753 0.6532515073170732 0.8460506195219124 0.6516307560975609 0.8418082051792829 0.6361155024390245 0.8317401314741036 0.6191008585365854 0.8243807868525896 0.6075911658536586 0.8107875836653387 0.6040925804878049 0.804859874501992 0.6049708195121951 0.7967861772908367 0.6101045073170731 0.7885608725099601 0.6416419902439024 0.7762972529880477 0.6529089658536585 0.7676608147410359 0.6482822536585366 0.7580534342629482 0.6434056390243903 0.7508486314741036 0.6511668585365853 0.7465566573705179 0.6596777707317074 0.7448713625498008 0.6760712585365853 0.7379727091633467 0.6766995951219513 0.7277005358565738 0.6644402 0.7220789780876494 0.658185556097561 0.7189095557768925 0.6405425756097561 0.7061356852589642 0.6636976829268292 0.6995956752988047 0.6788416780487805 0.6869734143426295 0.6755929951219513 0.6724092669322709 0.6718445170731707 0.6568246175298804 0.6918723073170732 0.6450216892430278 0.7152773121951219 0.6397092131474104 0.7475644926829268 0.6447709621513944 0.7897334341463415 0.6572575717131475 0.7961426
0 0.7605917051792828 0.6178255853658536 0.7635291513944222 0.6108319073170732 0.7655877091633466 0.5997371707317073 0.7663005239043824 0.5831295951219512 0.7670133386454184 0.5665220146341463 0.7662707450199203 0.5469566146341464 0.7670383924302788 0.5290715317073171 0.7619311494023905 0.5251738097560975 0.7580599880478087 0.5293439317073171 0.7545460199203188 0.5374808487804877 0.7541073645418327 0.5477008926829269 0.751884310756972 0.5626281512195122 0.749084733067729 0.5786986390243902 0.7494701314741037 0.5942972536585366 0.7512012749003985 0.6154087024390243 0.7538927629482072 0.6264343756097561 0.7605917051792828 0.6178255853658536
0 0.6786867250996016 0.629170156097561 0.6849947091633466 0.6243889707317073 0.6908262270916334 0.6205526048780488 0.6954549302788845 0.6142717560975609 0.6963845498007968 0.6027690341463414 0.6962019860557769 0.5867102487804878 0.6966551434262949 0.5761523463414634 0.6970176673306773 0.5677060292682926 0.6959274880478087 0.5524810975609756 0.691775250996016 0.5578171268292683 0.6905517290836654 0.5863234536585366 0.6846515876494024 0.5816025317073171 0.6798856354581674 0.5707688048780488 0.6809965199203187 0.5550429268292683 0.6836507370517929 0.5439840731707317 0.6859644382470119 0.5307026780487805 0.6865082250996016 0.5180332 0.6856226175298804 0.5081981853658537 0.6821501155378487 0.49769736097560974 0.6791087609561753 0.4873075073170732 0.672846093625498 0.49103290731707316 0.6661975916334661 0.4935915463414634 0.6634980577689243 0.5057061853658537 0.6626137529880478 0.5161531170731708 0.6639305079681275 0.5260990975609756 0.6632507749003984 0.5419359512195122 0.6653391992031872 0.5542154487804878 0.6678134561752987 0.5676617024390244 0.667610187250996 0.5825537317073171 0.666930452191235 0.5983905804878049 0.6690641912350598 0.609614287804878 0.6702903167330678 0.6216718487804878 0.6729458366533865 0.6308949414634146 0.6786867250996016 0.629170156097561