0 0.7367975169567775 0.2384409482555135 0.7294624952553668 0.2270106749700333 0.7227942937086295 0.21884619405183314 0.7181265526259133 0.19925143984815277 0.7161260921618923 0.18618827037903257 0.7161260921618923 0.16985930854263223 0.7154592720072186 0.15679613907351198 0.7167929123165659 0.14536586578803173 0.721460653399282 0.13066980013527146 0.7274620347913454 0.11923952684979128 0.7361306968021039 0.11434083829887115 0.7421320781941673 0.12740400776799138 0.742798898348841 0.14046717723711166 0.742798898348841 0.15516324288987193 0.7441325386581884 0.16985930854263223 0.7441325386581884 0.1829224780117525 0.7441325386581884 0.19925143984815277 0.742798898348841 0.21558040168455306
0 0.7594694022156839 0.2482383253573537 0.7574689417516628 0.23027646733731333 0.7568021215969891 0.21884619405183314 0.7561353014423154 0.19761854366451273 0.7574689417516628 0.17965668564447243 0.7594694022156839 0.16496061999171213 0.7628035029890525 0.15842903525715202 0.7668044239170948 0.15679613907351198 0.7674712440717686 0.18128958182811247 0.7674712440717686 0.20415012839907284 0.7674712440717686 0.21558040168455306 0.7668044239170948 0.2368080520718735
0 0.6774505231908167 0.2057830245827129 0.674116422417448 0.19271985511359266 0.6747832425721217 0.16659351617535215 0.6774505231908167 0.16332772380807212 0.6821182642735327 0.17639089327719235 0.6874528255109225 0.1829224780117525 0.6881196456655961 0.1959856474808727 0.6881196456655961 0.20904881694999297 0.683340505565793 0.21407992180156948
0 0.7763926833845182 0.23049376662919727 0.7780488547952483 0.21832696592402914 0.7780488547952483 0.20413236510133295 0.7780488547952483 0.1899377642786368 0.7780488547952483 0.1777709635734686 0.7792909833532957 0.1666180629270645 0.7813611976167083 0.1615485626332444 0.782603326174756 0.14431226163425623 0.782603326174756 0.12504816051773995 0.7797050262059783 0.10983965963627977 0.7747365119737881 0.10578405940122373 0.7701820405942804 0.11085355969504379 0.7681118263308678 0.12504816051773995 0.7681118263308678 0.13924276134043612 0.7681118263308678 0.14634006175178424 0.7681118263308678 0.15343736216313233 0.7689399120362329 0.16256246269200844 0.7689399120362329 0.16965976310335648 0.7689399120362329 0.17574316345594065 0.7689399120362329 0.1818265638085247 0.7693539548889154 0.18892386421987278 0.769767997741598 0.19906286480751292 0.769767997741598 0.21021576545391701 0.770596083446963 0.22035476604155718 0.7726662977103755 0.23049376662919727
0 0.746581597991377 0.22035476604155718 0.7515501122235674 0.22542426633537724 0.7523781979289323 0.21224356557144508 0.7523781979289323 0.19906286480751292 0.7540343693396623 0.1818265638085247 0.7540343693396623 0.16965976310335648 0.7552764978977098 0.15546516228066037 0.7552764978977098 0.1453261616930202 0.7552764978977098 0.1351871611053801 0.7552764978977098 0.126062060576504 0.7548624550450274 0.11693696004762787 0.7536203264869799 0.1128813598125718 0.7498939408128372 0.10882575957751577 0.7461675551386945 0.10679795945998777 0.7440973408752819 0.1128813598125718 0.745753512286012 0.12403426045897596 0.745753512286012 0.13721496122290813 0.745753512286012 0.14735396181054825 0.745753512286012 0.15647906233942435 0.745753512286012 0.1656041628683005 0.745753512286012 0.1737153633384126 0.7453394694333295 0.1818265638085247 0.744925426580647 0.1929794644549288 0.7445113837279645 0.2021045649838049
0 0.799499814504114 0.23850100088518425 0.7969948552453847 0.2250059911030352 0.7964938633936388 0.20783052410757286 0.7964938633936388 0.1955623333965283 0.8010027900593515 0.18329414268548372 0.8055117167250639 0.18697459989879708 0.8070146922803016 0.19801597153873723 0.8075156841320473 0.20783052410757286 0.8065137004285557 0.21887189574751292 0.8045097330215724 0.22991326738745305
0 0.8185375048704561 0.21519143853419956 0.8155315537599809 0.20169642875205057 0.8160325456117268 0.1955623333965283 0.8195394885739476 0.19188187618321492 0.825050398943152 0.1955623333965283 0.8275553582018812 0.20292324782315505 0.8260523826466436 0.21273780039199072
0 0.6452823666520822 0.2423766990634955 0.6435714457732289 0.2314835579362788 0.6415183407186046 0.21723868107761088 0.6456245508278529 0.21221107748043397 0.6510994976401837 0.21472487927902242 0.6524682343432664 0.22394215254051347 0.6524682343432664 0.23399735973486727 0.6504151292886423 0.24070083119776986
0 0.6637603121436985 0.22813182220482753 0.6606806545617626 0.21975248287619936 0.6593119178586798 0.2055076060175314 0.6593119178586798 0.19545239882317755 0.6630759437921572 0.19126272915886344 0.667524338077176 0.19377653095745187 0.6692352589560293 0.2013179363532173 0.6702618114833414 0.21221107748043397 0.6706039956591121 0.2205904168090621 0.6664977855498639 0.2256180204062391
0 0.5942489419540516 0.6832977595056381 0.5902146800182756 0.6753945419768204 0.5894078276311204 0.6536606937725714 0.5861804180824997 0.624023628039505 0.5861804180824997 0.6003139754530518 0.5837598609210339 0.5785801272488029 0.5837598609210339 0.5588220834267585 0.5877941228568101 0.5370882352225097 0.5910215324054309 0.525233408929283 0.5958626467283621 0.5232576045470786 0.6023174658256036 0.5331366264581008 0.603931170599914 0.5588220834267585 0.6055448753742244 0.5766043228665985 0.6071585801485349 0.592410757924234 0.6095791373100004 0.610192997364074 0.6103859896971557 0.6299510411861184 0.6087722849228452 0.6516848893903671 0.6047380229870691 0.6714429332124116 0.6023174658256036 0.6793461507412292
0 0.6345915613118115 0.574628518484394 0.6297504469888804 0.5627736921911674 0.6301198456694792 0.5375405233631454 0.6313641517631908 0.5193059957826698 0.6337847089246564 0.5034995607250343 0.6370121184732772 0.4837415169029898 0.6410463804090532 0.479789908138581 0.6426600851833635 0.497572147578421 0.644273789957674 0.5153543870182609 0.644273789957674 0.5311608220758964 0.644273789957674 0.5469672571335319 0.6445425822842732 0.5638244887021989 0.6432848827171844 0.5770888093421902 0.6396587351740247 0.5789335332236559
0 0.7166165880378624 0.5234929367091137 0.7101617689406209 0.5096623060336827 0.7061275070048448 0.48792845782943384 0.706934359392 0.46421880524298054 0.7101617689406209 0.448412370185345 0.7133891784892415 0.43853334827432283 0.7158097356507072 0.42865432636330064 0.7198439975864831 0.42667852198109624 0.7262988166837248 0.42865432636330064 0.731139931006656 0.44446076142093616 0.7295262262323454 0.46026719647857167 0.7287193738451905 0.4760736315362071 0.7279125214580351 0.48792845782943384 0.7246851119094143 0.5017590885048648 0.7230714071351039 0.515589719180296
0 0.7348050425882426 0.5473622256209438 0.7290084426506875 0.5372232250333037 0.7273522712399574 0.5250564243281355 0.728594399798005 0.5108618235054394 0.7310786569141001 0.5027506230353272 0.7319067426194651 0.49058382233015907 0.7323207854721477 0.47233362127240697 0.7323207854721477 0.4571251203909466 0.7335629140301951 0.4449583196857785 0.7364612139989728 0.4419166195094865 0.743085899641893 0.4520556200971266 0.7447420710526231 0.46422242080229476 0.7447420710526231 0.4774031215662269 0.7434999424945755 0.48855602221263106 0.743085899641893 0.5027506230353272 0.7455701567579881 0.5260703243868995 0.7476403710214007 0.5331676247982475 0.7463982424633532 0.5483761256797078 0.743913985347258 0.5534456259735279 0.7389454711150678 0.5534456259735279
0 0.8554114470236314 0.5297453957280049 0.8524054959131565 0.5088894715192293 0.8504015285061732 0.4892603663815579 0.8504015285061732 0.4696312612438866 0.8504015285061732 0.4512289751773198 0.8504015285061732 0.4340535081818574 0.8524054959131565 0.4230121365419173 0.8559124388753773 0.41810486025749954 0.8584173981341066 0.42669259375523066 0.8619243410963274 0.4315998700396484 0.8624253329480733 0.4475485179640064 0.8629263247998192 0.4622703468172598 0.863427316651565 0.48189945195493117 0.863427316651565 0.4941676426659757 0.8629263247998192 0.5101162905903337 0.8604213655410899 0.5211576622302737
0 0.8724451699829902 0.49662128080818463 0.8704412025760068 0.47576535659940894 0.8694392188725152 0.45490943239063314 0.8704412025760068 0.43773396539517073 0.873447153686482 0.4340535081818574 0.8774550885004486 0.4352803272529619 0.8794590559074319 0.4500021561062153 0.8809620314626695 0.4598167086750509 0.8809620314626695 0.47208489938609544 0.8794590559074319 0.48189945195493117 0.8779560803521944 0.4917140045237669
0 0.5305055761668377 0.6306099138230018 0.5275715674862733 0.6126480558029613 0.5246375588057091 0.5821128971688927 0.5253710609758501 0.54978155273282 0.5275715674862733 0.5246349515047637 0.5319725805071198 0.5066730934847232 0.5363735935279664 0.49948835027670724 0.5429751130592363 0.4851188638606749 0.548843130420365 0.47613793485065475 0.5547111477814938 0.46356463423662647 0.5605791651426225 0.4563798910286103 0.5671806846738923 0.4563798910286103 0.5715816976947388 0.4563798910286103 0.5774497150558674 0.48332267805867085 0.5796502215662906 0.5030807218807152 0.5796502215662906 0.5210425799007555 0.5803837237364318 0.5425968095248039 0.5803837237364318 0.5641510391488523 0.5781832172260085 0.5857052687729009 0.5730487020350209 0.592890011980917 0.5708481955245976 0.6108518700009572 0.5686476890141744 0.6252213564169895 0.5642466759933279 0.6377946570310178 0.5561781521217759 0.6395908428330218 0.5481096282502239 0.6395908428330218 0.5437086152293773 0.6288137280209977 0.540774606548813 0.6324060996250057
0 0.654360754506147 0.6573457939327965 0.6511866885630194 0.6418950463382357 0.6515334342401177 0.598278569386929 0.6515334342401177 0.5731319681588726 0.6530004385803998 0.5551701101388322 0.6574014516012463 0.539004437920796 0.661802464622093 0.5336158805147838 0.661802464622093 0.5551701101388322 0.661802464622093 0.5731319681588726 0.6647364733026572 0.5910938261789128 0.6651981077126231 0.6123593917869573 0.6625359667922339 0.6306316536580107
0 0.5049378406820412 0.6256518041485967 0.5004289140163285 0.6354663567174323 0.4929140362401408 0.6354663567174323 0.49040907698141156 0.6219713469352833 0.488906101426174 0.6011154227265076 0.48640114216744484 0.5900740510865675 0.4818922155017322 0.5925276892287764 0.47638130513252797 0.5925276892287764 0.47036940291157786 0.5900740510865675 0.46686245994935693 0.5741254031622095 0.4653594843941194 0.5594035743089562 0.4658604762458653 0.5471353835979116 0.46836543550459436 0.5360940119579715 0.47036940291157786 0.5262794593891358 0.4733753540220529 0.5152380877491957 0.479387256243003 0.507877173322569 0.4833951910569698 0.5029698970381511 0.4894070932779199 0.49806262075373325 0.4959199873506159 0.5017430779670466 0.5014308977198202 0.507877173322569 0.5079437917925161 0.5140112686780912 0.5099477591994995 0.5238258212469269 0.5044368488302953 0.5324135547446581 0.5029338732750577 0.5422281073134938 0.5044368488302953 0.5520426598823295 0.5049378406820411 0.5606303933800606 0.5034348651268036 0.5741254031622095 0.5064408162372787 0.5839399557310452 0.5079437917925161 0.591300870157672 0.5079437917925161 0.6011154227265076 0.5079437917925161 0.6084763371531343
0 0.6235897743340378 0.4787694776654302 0.6230386832971174 0.46662396886149615 0.6241408653709583 0.4517794581011321 0.6252430474447992 0.43558544636255336 0.6246919564078788 0.4247894385368341 0.6307539578140035 0.42748844049326384 0.634060504035526 0.4396339492971981 0.6329583219616851 0.4504299571229172 0.6313050488509239 0.4625754659268514 0.6291006847032422 0.4706724717961408
4 0.6563454312628578 0.7510896196953274 0.6495113915436533 0.7104473235533819 0.6534165570974845 0.6769771973188388 0.6641557623705201 0.6506792409916977 0.6788001331973871 0.6267720079670239 0.6934445040242538 0.6267720079670239 0.7061362920742051 0.6267720079670239 0.7119940404049518 0.6100369448497523 0.7237095370664455 0.5837389885226113 0.7276147026202764 0.6004740516398829 0.7334724509510234 0.6052554982448176 0.744211656224059 0.6148183914546871 0.7510456959432635 0.6124276681522198 0.7520219873317214 0.5956926050349483 0.7559271528855525 0.5861297118250787 0.762761192604757 0.5765668186152092 0.7725241064893349 0.5789575419176767 0.7813107289854551 0.5813482652201438 0.7930262256469485 0.5670039254053397 0.7998602653661532 0.5335337991707965 0.8076705964738154 0.5263616292633945 0.813528344804562 0.523970905960927 0.8271964242429712 0.523970905960927 0.8350067553506335 0.5335337991707965 0.8457459606236692 0.5478781389856007 0.8506274175659583 0.562222478800405 0.8662480797812827 0.5598317554979376 0.8740584108889452 0.5478781389856007 0.8857739075504386 0.5383152457757313 0.893584238658101 0.5335337991707965 0.9131100664272567 0.5335337991707965 0.9229608465367957 0.5367116894707189 0.9327237604213736 0.5367116894707189 0.9434629656944096 0.5510560292855231 0.9532258795789875 0.5725725390077295 0.9620125020751076 0.5940890487299357 0.9698228331827697 0.6132148351496748 0.9736401325116399 0.6227777283595443 0.9882845033385066 0.634731344871881 0.99121337750388 0.6538571312916202 0.99121337750388 0.6753736410138265 0.9931659602807954 0.6968901507360328 0.9931659602807954 0.7255788303656411 0.9951185430577113 0.7447046167853801 0.9951185430577113 0.7638304032051192 0.9951185430577113 0.7829561896248579 0.9951185430577113 0.7973005294396622 0.9843793377846753 0.7877376362297928 0.9755927152885555 0.7829561896248579 0.9677823841808931 0.7805654663223908 0.9492328478001952 0.7805654663223908 0.9384936425271594 0.7733932964149886 0.9306833114194971 0.7686118498100539 0.917015231981088 0.7686118498100539 0.9033471525426789 0.7662211265075866 0.8789398678312341 0.7590489566001845 0.8516037089544161 0.756658233297717 0.8359830467390913 0.7590489566001845 0.8223149673006823 0.7590489566001845 0.8057180136968998 0.756658233297717 0.7744766892662505 0.7542675099952496 0.762761192604757 0.7518767866927824 0.7520219873317214 0.7494860633903149 0.7432353648356014 0.7494860633903149 0.7324961595625655 0.7494860633903149 0.7080888748511207 0.7494860633903149 0.6827052987512182 0.7494860633903149 0.6690372193128091 0.7542675099952496
0 0.7578988806296456 0.5607535218558451 0.754751495120011 0.5504771802243883 0.7521286738619825 0.5299244969614748 0.7510795453587709 0.5145099845142896 0.7531778023651938 0.4978109293631724 0.754751495120011 0.4823964169159873 0.754751495120011 0.4721200752845306 0.7578988806296456 0.4631282763570059 0.7615708303908856 0.45799010554127745 0.7668164729069431 0.46055919094914166 0.7668164729069431 0.478542788804191 0.7683901656617603 0.4978109293631724 0.7683901656617603 0.5145099845142896 0.7683901656617603 0.531209039665407 0.7668164729069431 0.5427699240007958 0.7641936516489145 0.5504771802243883
0 0.6775857940176722 0.5859094147416933 0.6745511247935069 0.5774165704181755 0.6728170280939838 0.5657389094733383 0.6702158830446991 0.5551228540689407 0.6702158830446991 0.5391987709623445 0.6697823588698184 0.524336293396188 0.6667476896456529 0.511597026910911 0.6641465445963683 0.4999193659660739 0.6641465445963683 0.48399528285947757 0.6624124478968452 0.47444083299551987 0.6628459720717259 0.4638247775911224 0.6650135929461298 0.4510855111058454 0.6715164555693414 0.44683908894408636 0.6775857940176722 0.4415310612418876 0.6810539874167183 0.4510855111058454 0.6849557049906454 0.4606399609698031 0.6862562775152877 0.4701944108337608 0.6862562775152877 0.4829336773190378 0.6845221808157647 0.4967345493447546 0.6823545599413607 0.5084122102895918 0.68192103576648 0.524336293396188 0.6871233258650491 0.5338907432601459 0.6931926643133801 0.537075559881465 0.6931926643133801 0.5084122102895918 0.6970943818873071 0.5020425770469533 0.6988284785868302 0.5169050546131099 0.6988284785868302 0.5253978989366278 0.6988284785868302 0.5360139543410253 0.6996955269365916 0.5519380374476215 0.699262002761711 0.5636156983924587 0.6949267610129032 0.5710469371755369 0.6892909467394532 0.5763549648777357 0.6832216082911223 0.5827245981203742