0 0.7189414462151394 0.11665690243902439 0.7190969043824701 0.10000891707317074 0.7179389820717131 0.08392802926829268 0.7170126454183267 0.07106331707317073 0.7146571374501992 0.05715761951219512 0.7136150079681275 0.04268481951219512 0.7120319820717131 0.030103658536585365 0.7051954382470119 0.01979089268292683 0.6970058486055777 0.02830130243902439 0.6919061872509961 0.04210986829268293 0.6883514880478087 0.05856751219512195 0.6878486533864542 0.07039123414634146 0.6894316792828685 0.08297239512195122 0.6905896015936255 0.09905328292682927 0.6934860059760957 0.11106734634146342 0.6994723406374501 0.12837956585365853 0.7066181972111554 0.13358451707317073 0.714652328685259 0.14172209268292682 0.7189414462151394 0.11665690243902439
0 0.7440875697211156 0.1273542780487805 0.7432389621513944 0.1061655756097561 0.7424284183266933 0.09490895121951219 0.740807328685259 0.07239571219512195 0.7384137569721115 0.048557926829268294 0.7345894103585657 0.05186731219512195 0.7317691314741035 0.05971741463414634 0.7308411912350598 0.07504086341463415 0.7308015258964143 0.09329693658536586 0.7329635119521912 0.11391854634146341 0.7344307470119522 0.12489161463414634 0.7376745278884462 0.14172994634146344 0.7440875697211156 0.1273542780487805
0 0.6602799561752988 0.14046249268292682 0.6646297250996016 0.13347560487804877 0.6637033884462151 0.12061089268292682 0.6621203605577689 0.10802973170731707 0.6564036752988047 0.10386577073170732 0.6508805119521912 0.09298590731707318 0.6484853366533865 0.09733628292682928 0.6496813207171315 0.12334925365853659 0.6538911055776893 0.13479621951219511 0.6602799561752988 0.14046249268292682
0 0.7395998266932271 0 0.7384821752988048 0.001877068292682927 0.7374499820717131 0.016736331707317073 0.7384565498007969 0.03071528292682927 0.7389598346613545 0.03770476097560976 0.7394631195219123 0.044694234146341466 0.7409257051792829 0.05332858048780488 0.7414289900398406 0.06031805853658537 0.7418603764940239 0.06630903902439024 0.7422917629482072 0.07230001951219511 0.7432027988047809 0.07911343414634148 0.7443295298804781 0.08892233658536584 0.745120406374502 0.0999058 0.7466548884462152 0.10953864390243902 0.7494126294820717 0.11864329756097561 0.7530824023904382 0.11705874146341463 0.7538506394422311 0.10437253658536585 0.7528440717131475 0.09039358048780488 0.7518375019920318 0.07641462926829268 0.7509747290836652 0.06443266829268293 0.7514071115537848 0.05292101951219512 0.7530863844621515 0.047048229268292684 0.7530873804780877 0.029545599999999998 0.7517213227091634 0.010574165853658536 0.7486958346613546 0 0.7395998266932271 0
0 0.7281385916334662 0.10929739512195122 0.7272039203187252 0.09631693658536586 0.7276126693227091 0.07863824390243904 0.7267498944223107 0.06665628780487805 0.7269665836653386 0.05214914634146342 0.7262476055776893 0.042164180487804875 0.7255286274900399 0.032179214634146344 0.7248815478087649 0.023192746341463417 0.7238267151394423 0.014382336585365854 0.7223158665338646 0.010916536585365854 0.7183585019920319 0.008507107317073171 0.7145449322709163 0.008094673170731707 0.7129375557768924 0.014965960975609757 0.7153594422310756 0.025245175609756098 0.7162941135458167 0.03822563414634147 0.717013091633466 0.0482106 0.717660171314741 0.05719706829268292 0.7183072509960159 0.06618353658536585 0.7188824342629482 0.07417151219512194 0.7190498645418326 0.08233554634146341 0.7194329860557769 0.0934950731707317 0.7196723147410359 0.10265760487804879 0.7230052370517928 0.11975023414634146 0.7282577569721116 0.12262997073170732 0.7281385916334662 0.10929739512195122
0 0.7807311274900398 0.10453095609756098 0.7819216832669322 0.09280518536585365 0.7821254780876493 0.08150548780487805 0.7809361254980081 0.0720530731707317 0.7786730179282868 0.06181855121951219 0.7739716015936255 0.06011132195121951 0.7704011394422311 0.07411044390243902 0.7712711035856573 0.0861922536585366 0.7729824322709162 0.10289375609756098 0.7764062948207172 0.11511857073170731 0.7807311274900398 0.10453095609756098
0 0.8007285478087649 0.0784559219512195 0.801512719123506 0.06815136585365854 0.7985238366533864 0.06196745853658537 0.7928356613545817 0.060686297560975606 0.7896429860557769 0.06580208292682926 0.7895845856573706 0.0720560243902439 0.7935018306772909 0.08406780487804877 0.8007285478087649 0.0784559219512195
0 0.6297425358565738 0.18067970243902437 0.6312890916334661 0.17320503902439024 0.6305760557768924 0.16330259512195122 0.6285744980079682 0.1548073756097561 0.62300446812749 0.15465985365853657 0.6193171593625498 0.16135714634146342 0.6223492071713148 0.1745125756097561 0.6248065896414343 0.1845126975609756 0.6297425358565738 0.18067970243902437
0 0.6445113067729084 0.15898726829268295 0.6481986155378486 0.1522899756097561 0.6472674342629482 0.14418344390243903 0.6454840219123507 0.13389231219512196 0.6432643167330677 0.12719300487804877 0.6387052450199203 0.12660896585365852 0.6352955 0.1323355463414634 0.6360085358565737 0.1422379951219512 0.6383666135458167 0.15568443902439025 0.6419936812749004 0.1626269219512195 0.6445113067729084 0.15898726829268295
0 0.6134808466135457 0.6331134048780488 0.6153041972111554 0.6243009707317073 0.6178760836653386 0.6031276243902439 0.6179240796812748 0.5810377707317073 0.6157284003984064 0.5619229902439025 0.612083641434263 0.5454401853658536 0.6093735856573704 0.5305600780487805 0.6065234203187251 0.5137341804878048 0.6031128207171315 0.4891251317073171 0.5960555239043824 0.48214095121951217 0.5914280657370518 0.48614531219512197 0.5890903386454183 0.4991924146341464 0.5866585577689243 0.5223115512195122 0.5880596434262948 0.5417694243902439 0.5919846195219124 0.5621438048780488 0.5936659203187251 0.5854932536585365 0.5989459243027889 0.6133076878048781 0.6012817131474103 0.6343682536585366 0.6058151195219124 0.6404359268292683 0.6134808466135457 0.6331134048780488
0 0.6431343486055777 0.5183477902439024 0.646574593625498 0.5149891609756098 0.6468725836653386 0.5013915463414634 0.6454124940239044 0.484904712195122 0.644291625498008 0.4693384146341464 0.6431707589641434 0.453772112195122 0.6403205936254981 0.4369462146341464 0.6374704282868526 0.4201203170731707 0.6337776733067729 0.4257273658536585 0.6320003804780876 0.44655761951219514 0.6307374641434262 0.46315320487804873 0.6308051095617531 0.48163981951219514 0.6322306613545817 0.5066467219512195 0.6378388784860557 0.5162628780487805 0.6431343486055777 0.5183477902439024
0 0.7207879501992032 0.4204970536585366 0.7213963804780876 0.40619035121951225 0.7235940000000001 0.3911974585365854 0.7235479442231075 0.3791796390243902 0.723221671314741 0.363270243902439 0.7236899920318725 0.34701775609756097 0.7178015577689243 0.3335100243902439 0.7113046932270916 0.3343089951219512 0.707471828685259 0.33797025853658536 0.7057885876494024 0.3487284829268293 0.7033107529880478 0.35982979512195123 0.7012532410358566 0.3767684780487805 0.7021399482071713 0.40046101951219515 0.7076541135458168 0.4201492097560976 0.7149916294820717 0.43102496097560977 0.7207879501992032 0.4204970536585366
0 0.7391052948207172 0.4510277756097561 0.7439983247011953 0.44891503414634143 0.7460853525896415 0.44286618048780485 0.7462301434262948 0.4273605414634147 0.7436880956175299 0.4212513756097561 0.7395879302788845 0.3993423268292683 0.7389891155378486 0.3851873121951219 0.7394214960159363 0.37367566341463415 0.7384868247011953 0.36069520487804874 0.7359930418326693 0.3494174926829268 0.7287500219123506 0.34224951707317075 0.7261114462151395 0.3464774390243902 0.7257509621513943 0.3589875853658537 0.7268294302788845 0.3739650341463414 0.7277158366533865 0.39211403414634144 0.7277631055776893 0.40444812195121954 0.7258917729083666 0.4134924634146342 0.7256750836653386 0.4279996048780488 0.7281688665338646 0.43927731707317075 0.7345963824701195 0.44679741463414635 0.7391052948207172 0.4510277756097561
0 0.8564460896414343 0.3675755951219512 0.8581300258964143 0.3556367951219512 0.8574924541832669 0.33971740487804875 0.8566224920318726 0.3276356 0.8547371693227092 0.30851773658536585 0.8531998326693226 0.2942326 0.8515755 0.27873928292682926 0.8477738505976096 0.27539780487804877 0.8446979721115538 0.2680057121951219 0.8415922928286853 0.2743296829268293 0.8404017370517928 0.28605544878048783 0.8416196852589641 0.3029699804878049 0.8429246314741036 0.32109269756097564 0.8443165717131474 0.3404235902439024 0.8476820358565738 0.3589023463414634 0.8521212569721116 0.37816321463414637 0.8564460896414343 0.3675755951219512
0 0.8716265000000001 0.3311230341463415 0.872410671314741 0.32081848292682924 0.873194844621514 0.3105139268292683 0.8723248804780876 0.2984321219512195 0.870148766932271 0.2894057756097561 0.8671312888446215 0.27575974634146344 0.8630972470119521 0.276255843902439 0.8603979521912352 0.28115859512195124 0.8606291394422311 0.29849919999999996 0.8630948386454184 0.31861220487804875 0.8665472988047809 0.33829914146341467 0.8716265000000001 0.3311230341463415
0 0.5495443446215139 0.6130561219512195 0.5521790358565737 0.6082707073170731 0.5572774143426295 0.6170126682926829 0.5652233605577689 0.6135817170731707 0.5730419342629482 0.6083818731707317 0.576484486055777 0.5941281609756097 0.5776325916334661 0.579041268292683 0.5785259541832669 0.5604165756097561 0.5830729800796812 0.5511576536585365 0.5837115996015936 0.5289951707317073 0.5821831434262948 0.5077683951219513 0.579932328685259 0.4868535317073171 0.5786586155378486 0.46916455121951217 0.5750904561752987 0.45064239024390246 0.5674010179282868 0.4266041609756097 0.5630668645418326 0.4284755853658537 0.5565656374501993 0.43128272682926827 0.5512962549800797 0.4408535512195122 0.5464089840637449 0.4557310731707317 0.5412669721115538 0.4670707951219512 0.5357847151394423 0.48402911707317076 0.5319600478087649 0.4929761317073171 0.528899609561753 0.5125365365853659 0.5285157330677291 0.5382368195121952 0.5300860577689244 0.5703888829268293 0.5351408047808766 0.5992125219512195 0.5393039521912351 0.6156538829268293 0.5495443446215139 0.6130561219512195
0 0.6693300458167332 0.5595325024390244 0.6706560179282869 0.5404058243902439 0.6686934103585658 0.5196596292682927 0.6645302629482072 0.5032182731707316 0.6632565498007968 0.4855292926829268 0.661728093625498 0.4643025219512195 0.6577760557768924 0.47148063902439025 0.6545882470119522 0.48927214634146343 0.6544172430278884 0.5075849317073171 0.6562004402390438 0.5323495024390243 0.6589518984063746 0.5754507902439024 0.6631733884462152 0.589317112195122 0.6693300458167332 0.5595325024390244
0 0.5155153924302789 0.6034504292682926 0.5149934143426296 0.5962013414634146 0.5142974442231076 0.5865358975609756 0.5122953247011952 0.5799259170731706 0.5086390697211155 0.5715386780487806 0.5091622529880477 0.5576095804878048 0.5080598984063744 0.5493653512195121 0.5058837848605579 0.5403390097560976 0.5066679561752988 0.5300344536585365 0.5114861693227092 0.5192338048780488 0.5088166752988048 0.5104204975609756 0.5019677470119522 0.507149043902439 0.496105577689243 0.5034515268292683 0.48943063944223103 0.5025964341463415 0.4838580577689243 0.5099855804878048 0.4802589980079681 0.5165225804878049 0.47486040637450194 0.526328087804878 0.4726830896414343 0.5384799219512195 0.47140553784860556 0.5489975121951219 0.46972160159362547 0.560936312195122 0.47009818326693226 0.573231156097561 0.47262228286852587 0.5870902243902439 0.4772068984063745 0.6013053317073171 0.48330146015936254 0.6011652731707318 0.48872864741035854 0.5988218926829268 0.49299507968127493 0.5944882146341464 0.4962449501992032 0.6042966682926829 0.4992040298804781 0.6241966390243903 0.5026278924302788 0.6364214585365854 0.5100286015936255 0.6332259317073171 0.5137730577689243 0.6216431707317074 0.5155153924302789 0.6034504292682926
0 0.6250596792828685 0.41622101951219515 0.6266563784860558 0.4073096731707317 0.6274232709163347 0.3946456682926829 0.627743139442231 0.3835449951219512 0.6236255637450199 0.37299003414634146 0.617464266932271 0.37290976097560974 0.6187725517928288 0.3833074146341463 0.6188354661354581 0.3997240780487805 0.6188026852589642 0.4148117463414634 0.6202066673306773 0.4265384 0.6250596792828685 0.41622101951219515
4 1 0.4892531268292683 0.9996355557768924 0.48419182439024394 0.9961868565737052 0.46383248780487807 0.9946610756972112 0.44264286341463416 0.9904204482071712 0.4250530731707317 0.9751509023904382 0.4195082341463415 0.9707134701195219 0.41171383902439024 0.961665545816733 0.3961997707317073 0.9514866314741036 0.3787464487804878 0.9403462569721116 0.3617082731707317 0.9287530179282869 0.35214844390243905 0.9191384243027888 0.35629989268292683 0.9092119482071713 0.3573590926829268 0.8899827629482071 0.36566199024390245 0.8826301494023904 0.37369195121951215 0.8717707629482071 0.38809129756097566 0.8649267450199203 0.4031844731707317 0.8497129262948206 0.4121811902439025 0.8438884422310757 0.40013049756097563 0.8322952031872509 0.3905706731707317 0.8239254023904382 0.3844742195121951 0.8104649721115538 0.390286243902439 0.8048657470119521 0.3951315170731707 0.7976826673306773 0.4055158829268293 0.7933258884462151 0.4413835365853659 0.7828055637450199 0.46049169268292683 0.7739828984063746 0.4618735902439024 0.7641987749003984 0.46367063414634146 0.7581466832669322 0.4759942585365854 0.7549789701195219 0.4870724487804878 0.7552042310756972 0.5039684146341463 0.748643545816733 0.5092288292682927 0.7373893685258964 0.5043778097560976 0.7312815498007968 0.5021598731707317 0.7262489940239044 0.48733963414634146 0.7165763266932271 0.5182198 0.7119942888446215 0.537191487804878 0.6994953167330678 0.5425883707317073 0.6850734262948207 0.5488155414634146 0.6723468486055777 0.5785867414634146 0.663635639442231 0.6090517658536585 0.6621632410358567 0.6436739853658537 0.6717754860557769 0.6807928195121951 0.6844998087649402 0.6785255512195122 0.6976211772908366 0.6680047170731708 0.7226191195219124 0.6572109512195121 0.7466556015936255 0.6468323365853659 0.757231655378486 0.6422657414634146 0.7658847888446214 0.6385294390243903 0.7766303725099601 0.6363172487804878 0.7883374163346614 0.6336899170731707 0.8192736454183267 0.622759687804878 0.8357879860557769 0.6180566292682927 0.8492484163346613 0.6122446048780488 0.8644622330677291 0.6032478829268293 0.891552625498008 0.5939782341463415 0.916097703187251 0.590662824390244 0.9297276653386455 0.5872052 0.9431880956175299 0.5813931756097561 0.9512188326693227 0.5827808243902439 0.9623034780876494 0.5852774390243902 0.9805712071713147 0.5773896878048781 0.9884324123505975 0.5764229317073171 0.9974246075697212 0.5773954341463414 1 0.5785055365853659 1 0.4892531268292683
0 0.7637594003984064 0.43736823902439026 0.7657958366533865 0.42866278048780493 0.7665258147410359 0.416608356097561 0.7653416494023905 0.4001629951219512 0.7641574840637451 0.3837176390243902 0.7612413545816733 0.36541139999999994 0.7599660996015936 0.3477010097560975 0.7546179721115538 0.3474015414634146 0.7513661653386454 0.35402306341463413 0.7489042231075698 0.3642166048780488 0.7496329402390438 0.3743368292682927 0.7491762310756973 0.39018633170731704 0.748294015936255 0.4075239268292683 0.750420280876494 0.4222581414634146 0.7544606912350598 0.44138329268292686 0.7582889780876494 0.4501651609756097 0.7637594003984064 0.43736823902439026
0 0.6863042350597609 0.5035571853658537 0.6918296832669323 0.4947034780487805 0.6970034741035857 0.4870795951219512 0.7007458884462151 0.4779177951219512 0.7003447390438247 0.46623319999999996 0.6983616533864542 0.4509197317073171 0.6976088466135458 0.440464956097561 0.6970065996015936 0.4321011365853658 0.6942449183266932 0.41820183902439023 0.6908541613545817 0.42613381463414635 0.6928867390438247 0.4543617024390244 0.686683766932271 0.45380611219512196 0.680882984063745 0.44660896585365856 0.6801807111553785 0.4307424585365854 0.6814873147410359 0.4183204780487805 0.6822164163346613 0.4039918926829268 0.6813130498007969 0.3914461609756098 0.6793547091633466 0.3825899024390244 0.6748347410358566 0.37483972195121945 0.6707417111553785 0.36690519024390245 0.665140984063745 0.3747134195121951 0.6590380358565736 0.3816605170731707 0.6578067151394422 0.39512797560975604 0.6581325836653387 0.4057670926829268 0.6605178625498008 0.41443900975609754 0.6616470717131474 0.43012116585365856 0.6650367868525897 0.4405153463414634 0.6689287211155378 0.4517706536585366 0.6704095896414343 0.4662229902439024 0.671538798804781 0.48190515121951216 0.674853233067729 0.4912538487804878 0.6773890737051792 0.5020167170731707 0.6809798844621514 0.5090901121951219 0.6863042350597609 0.5035571853658537