0 0.7364192310756972 0 0.729446139442231 0.005082560975609756 0.723634954183267 0.0174546 0.719211750996016 0.03288315121951219 0.7180683067729083 0.0445227024390244 0.7189524940239044 0.05748123414634146 0.7192242011952191 0.07381019512195122 0.7214420298804781 0.08655944390243903 0.7264358207171314 0.10542171219512195 0.7332398764940239 0.11253978536585366 0.740765093625498 0.12281900975609757 0.7463860836653387 0.09901669756097561 0.747448015936255 0.0824784536585366 0.7471763067729084 0.06614949268292683 0.7469589402390439 0.05308632195121951 0.7453807629482072 0.03859953658536586 0.7451362250996015 0.023903473170731708 0.7442520378486056 0.010944941463414634 0.738636858565737 0 0.7364192310756972 0
0 0.770744828685259 0.1164772780487805 0.7710584282868526 0.09514499024390242 0.770868233067729 0.08371471707317073 0.7704878406374502 0.06085417073170731 0.7694134581673308 0.03646536585365853 0.7654397091633467 0.03872610731707317 0.7622142908366534 0.045780897560975614 0.7604583685258963 0.060790882926829264 0.7594236075697212 0.0789620243902439 0.7604436474103585 0.10008503414634146 0.7613006633466135 0.11141066341463415 0.7636000039840637 0.1290586 0.770744828685259 0.1164772780487805
0 0.6869027231075697 0.10684672195121951 0.6915981474103586 0.10106565365853658 0.691380780876494 0.08800248292682927 0.6904965936254981 0.07504395609756097 0.6850533486055776 0.06934949756097561 0.6801682410358566 0.057018809756097556 0.6775553027888447 0.060703165853658536 0.6773232151394423 0.08693414634146342 0.6808746832669322 0.09947411219512195 0.6869027231075697 0.10684672195121951
0 0.7707625458167331 0 0.7701925856573706 0.004512224390243903 0.7704287788844622 0.018706824390243904 0.770546874501992 0.025804126829268293 0.7706649721115537 0.032901424390243905 0.7716448964143426 0.041896580487804876 0.7717629920318725 0.048993878048780484 0.771864219123506 0.05507727804878049 0.7719654442231076 0.06116067804878049 0.7724975836653387 0.06819300487804879 0.7730803366533864 0.07826703414634147 0.7732659163346614 0.08941993658536586 0.7742627111553785 0.09942899024390245 0.7765016354581674 0.1092431219512195 0.7802280219123506 0.10865835609756097 0.7816817410358565 0.09623166341463416 0.781445547808765 0.08203706341463415 0.7812093545816733 0.06784245853658537 0.7810069043824701 0.05567565853658537 0.782063452191235 0.04432783902439024 0.7840493107569722 0.038933468292682925 0.7850046334661354 0.021502248780487804 0.7846840856573705 0.0022381463414634147 0.7842060219123506 0 0.7707625458167331 0
0 0.7466326972111554 0 0.7478174003984064 0.00700690243902439 0.7480367231075697 0.02018760487804878 0.7482054322709164 0.030326604878048783 0.7483572709163346 0.03945170243902439 0.748509109561753 0.04857680487804878 0.748644077689243 0.05668800487804878 0.7483650019920319 0.06486418048780487 0.7481365398406374 0.07608205365853658 0.7478743346613546 0.08527212682926828 0.7502482270916335 0.10319745853658537 0.7553010956175299 0.10748727804878049 0.755909858565737 0.09417662926829268 0.7556905358565738 0.08099592682926829 0.7570599023904382 0.06349973170731707 0.7568574501992031 0.05133293170731707 0.7578633864541833 0.03694340975609756 0.7576946752988047 0.02680440975609756 0.7575259661354582 0.01666540975609756 0.7573741274900399 0.007540307317073171 0.7569031733067729 0 0.7466326972111554 0
0 0.8083354123505976 0.10366559024390244 0.8101556553784861 0.09230974634146341 0.8109739143426294 0.08111113658536585 0.8103096115537848 0.07137520487804878 0.8086229103585657 0.06056968780487805 0.8040527430278884 0.05759679512195122 0.7997479541832669 0.07057254634146341 0.7999520936254979 0.08284073658536587 0.8007388784860557 0.09993758536585366 0.803468390438247 0.11303950731707317 0.8083354123505976 0.10366559024390244
0 0.8295922669322708 0.08310954146341464 0.8309319322709163 0.07305913658536586 0.8283044900398406 0.06609131219512195 0.8227323386454184 0.06327565365853659 0.8192866374501993 0.06750643902439024 0.8188877131474104 0.0737191512195122 0.8221182171314741 0.08674245365853658 0.8295922669322708 0.08310954146341464
0 0.6544203087649403 0.1386344487804878 0.6563618705179283 0.13160879024390243 0.6561945557768925 0.12155358536585366 0.6546724462151395 0.11255110243902439 0.6491556713147411 0.11089645365853658 0.6451331195219123 0.1165684243902439 0.6474232529880478 0.13049111707317074 0.6493154322709164 0.14111577560975608 0.6544203087649403 0.1386344487804878
0 0.6702519920318725 0.12102786829268293 0.6742745458167331 0.11535589756097561 0.6737929322709163 0.10703025365853659 0.6725851215139441 0.09629820487804878 0.6707487131474104 0.08902528292682926 0.6662584900398407 0.08720954634146341 0.6625641792828685 0.09198988780487805 0.6627314940239044 0.10204509268292683 0.6643372609561753 0.11607518048780487 0.6675563486055777 0.12397124390243902 0.6702519920318725 0.12102786829268293
0 0.6136215557768925 0.5848274926829268 0.6159106055776892 0.5765444292682927 0.6196161015936255 0.5561533073170731 0.6208681613545817 0.5341662292682927 0.6197325418326692 0.5145348000000001 0.617016093625498 0.49713240975609757 0.6151393764940238 0.4815792048780488 0.6132297808764939 0.4640501951219512 0.6111886792828685 0.4386179658536586 0.6045694760956175 0.4297518682926829 0.5997612390438247 0.43248736585365855 0.5967310896414343 0.4448486536585366 0.593058470119522 0.46721557560975613 0.5933872390438247 0.48697361951219514 0.596169438247012 0.5083276243902439 0.5965639601593625 0.5320372731707317 0.6002845199203187 0.5611678780487805 0.601453015936255 0.5827751121951219 0.6056187848605578 0.5900452536585366 0.6136215557768925 0.5848274926829268
0 0.6492919920318725 0.47855509756097564 0.6528874442231076 0.47614134146341464 0.6539244302788845 0.4626796536585366 0.6533751394422311 0.44586460487804874 0.6531121254980079 0.4300581658536585 0.6528491115537849 0.41425173170731705 0.6509395179282869 0.39672272195121955 0.649029922310757 0.37919371707317073 0.6450614143426295 0.38377839999999996 0.6421627709163347 0.40404290731707315 0.6400052270916334 0.4202291853658537 0.6390643386454183 0.4386589756097561 0.6391148107569722 0.46395011219512194 0.6441531852589641 0.4750452487804878 0.6492919920318725 0.47855509756097564
0 0.7316506454183267 0.4021217512195122 0.7330342131474104 0.388037887804878 0.7360314860557768 0.37370079512195126 0.736641077689243 0.36171935609756095 0.7371849163346613 0.3457863073170732 0.738535607569721 0.3297266390243902 0.7334314800796812 0.3146798975609756 0.7269437828685259 0.31371701463414636 0.7229423984063745 0.3163258926829268 0.7206862250996017 0.3265847609756098 0.7176231992031873 0.33697024390243907 0.7146588027888446 0.35328314146341466 0.7142464721115538 0.37711940975609753 0.7186423764940238 0.3982201804878049 0.7253273326693227 0.41103788780487804 0.7316506454183267 0.4021217512195122
0 0.7481546195219123 0.43748661951219514 0.7531231334661355 0.43670693658536586 0.7555230358565737 0.4312475951219512 0.7565120996015936 0.41584417073170726 0.7543237888446216 0.40907174146341463 0.7514515 0.38614187804878053 0.7516293486055776 0.37188230731707317 0.7526858964143426 0.36053448292682927 0.7524665756972112 0.34735378536585365 0.750607952191235 0.3354468780487805 0.7438145577689242 0.3263474536585366 0.7409668705179283 0.32984397073170735 0.7399271932270916 0.34220569268292683 0.7401802569721115 0.3574141951219512 0.740069890438247 0.37572937073170726 0.7394442569721115 0.38802611707317075 0.7370949681274901 0.39652716097560975 0.73608903187251 0.41091668292682926 0.7379476553784861 0.4228235853658537 0.7439129641434262 0.432052956097561 0.7481546195219123 0.43748661951219514
0 0.8690932529880477 0.3861360536585366 0.8714144860557769 0.3747015902439025 0.8716500996015937 0.3586743268292683 0.8714459601593625 0.34640613170731704 0.8706183466135459 0.32685564878048784 0.8698723884462152 0.3122124341463415 0.869106015936255 0.2963424048780488 0.8655174183266932 0.29198545853658536 0.8628695617529881 0.28379081463414635 0.8594442749003984 0.28924841951219515 0.85762403187251 0.30060426341463414 0.857909826693227 0.3177797268292683 0.8582160338645418 0.3361820146341463 0.8585426553784861 0.35581112195121956 0.8608732450199204 0.3751257512195122 0.8642262310756972 0.39550996585365855 0.8690932529880477 0.3861360536585366
0 0.8861380338645418 0.3539407609756098 0.8874776992031872 0.34389035609756097 0.8888173645418326 0.3338399463414634 0.8886132250996016 0.321571756097561 0.8869469402390439 0.3119930585365854 0.8846980059760956 0.2975857024390244 0.8806696573705178 0.2969878292682927 0.8777249482071714 0.3011399951219512 0.8770087569721116 0.31847269756097557 0.8783577768924303 0.3391713853658537 0.8807087788844622 0.3597128341463414 0.8861380338645418 0.3539407609756098
0 0.5512976294820717 0.5475450536585366 0.5541718625498008 0.5434922634146342 0.558752203187251 0.5535787463414634 0.5668207270916336 0.5523125951219512 0.5748593625498009 0.5492502585365854 0.5790511613545816 0.5359863268292683 0.58101256374502 0.5212715268292683 0.5829141912350598 0.5029643512195122 0.5879291553784861 0.4949738780487805 0.5897710059760957 0.47307433170731705 0.5894123505976095 0.4515201024390244 0.5883201932270917 0.43008098048780485 0.5880213147410358 0.4121191219512195 0.5854920398406375 0.39270639024390247 0.5791757051792829 0.36668444390243904 0.5747746912350598 0.36737507317073176 0.5681731713147411 0.3684110146341464 0.5624247071713148 0.37651659512195124 0.5567659043824701 0.3900107365853659 0.5510473266932271 0.3999125024390244 0.5446849103585657 0.41531793170731707 0.5404034482071713 0.42319330243902437 0.5363013147410358 0.44184579024390247 0.5345192390438247 0.4673377073170732 0.5343237211155378 0.499784156097561 0.5377658227091633 0.5298588975609756 0.5409987111553785 0.5473603365853659 0.5512976294820717 0.5475450536585366
0 0.6730294641434263 0.5266632097560976 0.6753875597609562 0.5079731902439024 0.6745720737051792 0.48678006341463415 0.6713391872509961 0.46927862926829267 0.6710403067729084 0.4513167707317073 0.6706816513944223 0.42976254146341464 0.6663703027888447 0.4358417268292683 0.6622382808764941 0.4526980243902439 0.661070155378486 0.47089009268292686 0.6614885876494024 0.4960366975609756 0.6618676055776893 0.5397075853658537 0.6652987649402391 0.554660243902439 0.6730294641434263 0.5266632097560976
0 0.5180686314741035 0.5287672634146342 0.5179461494023904 0.5214063512195122 0.5177828386454183 0.5115917999999999 0.5161573784860557 0.5044667365853659 0.5129881175298805 0.49512389268292684 0.5142665398406375 0.48139302926829264 0.5136226513944223 0.47288391707317073 0.5119563645418327 0.4633052195121951 0.5132960298804781 0.45325480975609755 0.5186640438247012 0.4438022780487805 0.5164967649402391 0.4343021951219512 0.5098818027888447 0.4291901365853658 0.5042688227091633 0.423920843902439 0.497694687250996 0.4212624195121951 0.4917644402390438 0.42711311219512194 0.4878381593625498 0.4326493365853658 0.48194874103585655 0.4409536682926829 0.4791265139442231 0.45246674634146344 0.477285858565737 0.46259577560975607 0.4749646235059761 0.47403023414634143 0.47466777091633466 0.486377043902439 0.47641571115537845 0.5008630195121951 0.4801880358565737 0.5162613414634146 0.48624076494023905 0.5177715609756097 0.49175167529880476 0.5169067609756097 0.4962197749003984 0.5137455609756097 0.49890845816733065 0.5243938390243903 0.5007584701195219 0.545013912195122 0.5034879820717132 0.5581158292682927 0.511002858565737 0.556936556097561 0.5153484741035856 0.546414443902439 0.5180686314741035 0.5287672634146342
0 0.636932515936255 0.3719508585365854 0.6390021474103587 0.3635079317073171 0.6404533247011952 0.3511029804878049 0.6413758645418327 0.34013401463414633 0.6378672211155378 0.32850738536585367 0.6317603087649402 0.32675966341463414 0.6324910418326694 0.33746919024390243 0.6316583227091634 0.3538361609756097 0.6308031474103586 0.3688536341463414 0.6315563366533865 0.38091266341463415 0.636932515936255 0.3719508585365854
0 0.773353406374502 0.43055610243902437 0.7758479800796813 0.4224372634146341 0.7772293047808765 0.4106294243902439 0.776951438247012 0.3939303707317073 0.7766735717131474 0.3772313170731707 0.7747792629482072 0.3582101268292683 0.7744800219123507 0.3402265268292683 0.7691916314741036 0.33848061463414636 0.7656051772908367 0.3441950048780488 0.7626074123505976 0.35368070731707313 0.7627784083665339 0.3639570487804878 0.7614612071713148 0.37961851707317074 0.7596408167330677 0.39664683902439024 0.7609464382470119 0.41189671707317077 0.7639112490039841 0.4320378146341463 0.7672296294820717 0.44182025365853655 0.773353406374502 0.43055610243902437
0 0.6929179482071713 0.47551005853658534 0.6988812988047809 0.4681879951219512 0.7044287888446215 0.46199556585365853 0.7086403764940239 0.4538840195121951 0.7088795896414343 0.4421383268292683 0.7077475697211155 0.4263503073170732 0.707570922310757 0.4157342487804878 0.7074296035856573 0.4072414048780488 0.7054482011952191 0.3926510536585366 0.7016524721115538 0.39963296097560974 0.7021294203187252 0.42829631219512193 0.6960070876494023 0.42606392682926825 0.6906458147410359 0.41732584390243904 0.6908143665338645 0.40133373170731707 0.6927876752988047 0.38931591707317076 0.6942921294820718 0.3752429219512195 0.6940801533864542 0.3625036536585366 0.6926205976095617 0.35315329756097563 0.6885598984063744 0.3442111268292683 0.6849327211155378 0.33520092195121953 0.6789517071713147 0.3414613804878049 0.6725195039840637 0.34672826341463414 0.6705638585657371 0.3598076829268293 0.6703069820717131 0.3704917707317073 0.6722000617529881 0.37977409756097563 0.6724650338645418 0.39569818048780486 0.6752604900398407 0.4069676585365854 0.6785071374501992 0.4192307073170732 0.67918796812749 0.434025156097561 0.6794529382470119 0.4499492390243902 0.6822307310756972 0.46015710731707316 0.6841591414342629 0.47156264390243907 0.6873351274900399 0.4795792731707317 0.6929179482071713 0.47551005853658534