0 0.7392117131474103 0.36406010731707317 0.7408170617529881 0.34799773170731707 0.7410887709163346 0.3316687707317073 0.7413061374501991 0.3186056 0.7402170338645419 0.3036429512195122 0.7404615717131474 0.28894688292682924 0.7400121195219124 0.2757504195121951 0.7342281035856574 0.26148762439024387 0.7254779302788845 0.26465351219512195 0.7192863525896415 0.274884156097561 0.7143740737051794 0.2886471756097561 0.7128502370517928 0.29981086829268294 0.7132996912350598 0.31300732682926824 0.7130279820717131 0.32933629268292686 0.7148110756972111 0.3427993365853659 0.7191527669322708 0.36332713658536586 0.7256851155378486 0.37282453658536585 0.7328299402390438 0.3857210243902439 0.7392117131474103 0.36406010731707317
0 0.7628640179282868 0.3900862731707317 0.7638840597609562 0.36899191707317075 0.7640742549800796 0.35756164390243905 0.7644546474103586 0.3347010975609756 0.7641953884462152 0.31007436097560975 0.7601672968127491 0.3109075073170732 0.756724513944223 0.3167726292682927 0.754479515936255 0.33106881951219513 0.7528469960159363 0.34876409268292685 0.7531605956175299 0.37012503414634146 0.7536372191235059 0.3816886 0.7553388007968127 0.4000503365853658 0.7628640179282868 0.3900862731707317
0 0.6797782888446214 0.3506743609756098 0.6846411434262949 0.34659856585365856 0.6848585099601594 0.33353539512195124 0.6844090577689244 0.3203389365853659 0.6791831792828685 0.31274101463414633 0.6747328047808765 0.2987448 0.6720111832669322 0.3014774243902439 0.6709096294820717 0.3274704682926829 0.6740263625498009 0.3412001024390244 0.6797782888446214 0.3506743609756098
0 0.7746521613545817 0.35965826341463414 0.7748883545816733 0.3454636634146342 0.7750908067729084 0.33329685853658536 0.776518515936255 0.3223922536585366 0.7786730836653386 0.31773657073170736 0.7802020199203187 0.30074856097560976 0.7805225677290837 0.2814844634146342 0.7778773306772908 0.26569661463414634 0.7729763007968128 0.26064784390243906 0.7683374741035857 0.26480694146341466 0.7660310677290837 0.2785877219512195 0.765794874501992 0.2927823219512195 0.7656767768924302 0.2998796243902439 0.7655586812749003 0.3069769268292683 0.7662349282868526 0.31626755121951217 0.7661168306772909 0.32336485365853657 0.7660156055776892 0.3294482536585366 0.7659143804780876 0.3355316536585366 0.7662103266932271 0.3427117170731708 0.7664556593625498 0.3529334829268293 0.766270077689243 0.36408638536585364 0.7669294541832669 0.37439091219512194 0.7688309601593626 0.3849437317073171 0.7725573446215139 0.38568860975609753 0.77441596812749 0.37385286341463414 0.7746521613545817 0.35965826341463414
0 0.7488465378486056 0.36263809756097565 0.749065858565737 0.34945740000000003 0.7510088366533865 0.3325521512195122 0.7512112888446215 0.32038535121951217 0.752689609561753 0.30643904390243903 0.7528583207171314 0.296300043902439 0.7530270298804781 0.286161043902439 0.7531788685258964 0.27703594146341465 0.7529166633466136 0.2678280780487805 0.7517420179282868 0.26352418536585365 0.7480831175298805 0.25872370731707317 0.7443904741035856 0.25595103414634146 0.7422190338645418 0.2616206146341464 0.7436896235059761 0.27310457073170735 0.7434703027888445 0.2862852731707317 0.7433015916334662 0.2964242731707317 0.7431497529880478 0.30554937073170735 0.7429979143426295 0.3146744731707317 0.7428629482071712 0.3227856731707317 0.7423139362549801 0.3308141121951219 0.7417143127490039 0.3418842487804878 0.7411484322709163 0.35092658536585364 0.7429149701195219 0.3695906048780488 0.7477991294820717 0.3756532731707317 0.7488465378486056 0.36263809756097565
0 0.8006840537848606 0.39072848780487807 0.8028717470119522 0.3800876926829268 0.8040574541832669 0.3692466097560976 0.8037197729083666 0.35933191219512195 0.8024005219123507 0.34799010731707314 0.7979528366533865 0.3434083512195122 0.7932397729083666 0.35477524390243903 0.7930356334661354 0.36704343414634144 0.7932508326693227 0.38431904390243904 0.7955312390438246 0.3983147756097561 0.8006840537848606 0.39072848780487807
0 0.8225124980079681 0.3778592292682927 0.8241787848605577 0.36834510731707315 0.8217963087649403 0.3604834731707317 0.8163466394422311 0.3557014292682927 0.812778454183267 0.3586808731707317 0.8121753944223107 0.3647148243902439 0.8149567928286853 0.37881070243902437 0.8225124980079681 0.3778592292682927
0 0.6464099482071713 0.3707137414634147 0.6485745976095618 0.36442066829268294 0.6487419123505975 0.35436546341463415 0.647526547808765 0.34487459024390243 0.6420934302788844 0.34126639024390243 0.6379035617529881 0.34547319512195124 0.6397196374501992 0.3601284682926829 0.6412493007968127 0.3713636097560976 0.6464099482071713 0.3707137414634147
0 0.662743577689243 0.3588457268292683 0.6669334462151394 0.3546389268292683 0.6667306912350598 0.3461911853658537 0.6658853964143426 0.33509284390243904 0.6642999621513944 0.3272094390243902 0.6598933964143426 0.3238064390243902 0.6560596553784861 0.32724370731707314 0.6558923406374502 0.3372989170731707 0.657024047808765 0.3518173902439024 0.6599642768924303 0.3608123317073171 0.662743577689243 0.3588457268292683
0 0.5910133764940239 0.7997447121951219 0.5935654402390438 0.7923253463414633 0.597928470119522 0.7733737219512196 0.5999038187250997 0.7519624390243902 0.5994257330677291 0.732043112195122 0.5973010657370519 0.7137770243902438 0.595950374501992 0.6976480195121951 0.5946325597609562 0.6795432146341462 0.5934462529880478 0.6535351902439025 0.5871558167330678 0.6423658975609756 0.582281826693227 0.6433740048780487 0.5788571573705179 0.6545836975609757 0.574461250996016 0.6755111268292683 0.5741324840637451 0.6952691707317074 0.5761913964143427 0.7174868682926829 0.5757968764940239 0.7411965219512195 0.5785311354581674 0.7714787219512196 0.5789763446215139 0.7933738536585365 0.5828790996015936 0.802083487804878 0.5910133764940239 0.7997447121951219
0 0.6300254780876494 0.7067963268292683 0.6336823207171315 0.7056764390243903 0.635160733067729 0.6926635219512196 0.6351724402390438 0.6757525609756099 0.635435454183267 0.6599461268292683 0.6356984681274901 0.6441396926829269 0.6343806533864542 0.626034887804878 0.6330628386454183 0.6079300780487805 0.6289628227091633 0.611075268292683 0.6254066474103586 0.6301881804878049 0.6227230756972112 0.6455107658536586 0.6211753525896414 0.6634965658536586 0.6203860836653387 0.6886558926829268 0.625029938247012 0.7014784195121951 0.6300254780876494 0.7067963268292683
0 0.7144921693227092 0.6601260536585366 0.7163360099601594 0.6466179902439024 0.7197935577689243 0.6334324926829268 0.7207976693227092 0.6217389512195122 0.7218675358565737 0.6060938 0.7237442549800797 0.590609931707317 0.7191661533864542 0.5738357951219512 0.7127442111553784 0.5705697219512195 0.7086770737051793 0.5717391073170732 0.7060921314741037 0.5811342829268292 0.7027003386454183 0.5903681707317073 0.6992099163346613 0.605529468292683 0.6980085418326692 0.6290778390243903 0.7016811613545817 0.6516181024390244 0.7079058426294821 0.6667390048780488 0.7144921693227092 0.6601260536585366
0 0.7297363227091633 0.7011550634146341 0.7347048386454182 0.7021482292682926 0.7372734501992032 0.6975753121951219 0.7387686414342629 0.6826151024390243 0.7368165239043825 0.6751039853658537 0.7347202988047808 0.6512876975609756 0.7353705358565736 0.6371758634146341 0.7367982450199203 0.6262712536585365 0.7370175677290837 0.6130905512195123 0.7355638466135459 0.6005926975609757 0.7291078705179284 0.5891294731707317 0.7261589581673307 0.5915918243902439 0.7247143784860558 0.603510331707317 0.7244613147410358 0.6187188341463414 0.723743593625498 0.6368862731707318 0.7227130577689244 0.6488875463414635 0.7200938326693227 0.6565021609756098 0.7186155099601593 0.6704484682926829 0.7200692310756972 0.6829463268292683 0.7256971215139443 0.6942440243902438 0.7297363227091633 0.7011550634146341
0 0.8517494780876494 0.6931491804878049 0.8544381633466135 0.6826085317073172 0.8552045338645419 0.6667600292682927 0.8554086733067728 0.6544918390243902 0.8552343027888447 0.6347625902439024 0.8549782768924303 0.6199406146341464 0.8547426653386455 0.6038918243902439 0.8513173784860558 0.5982835365853658 0.8489553147410358 0.5891950829268293 0.8453667171314742 0.5934013463414635 0.8431790258964144 0.6040421414634146 0.8428932310756972 0.6212176097560975 0.8425870239043824 0.6396198926829267 0.8422604023904383 0.659249 0.8439377470119521 0.6792786829268292 0.8465966633466135 0.7007354731707317 0.8517494780876494 0.6931491804878049
0 0.869774125498008 0.667210575609756 0.8714404123505975 0.6576964585365854 0.8731066992031872 0.6481823365853658 0.8733108366533865 0.6359141463414635 0.871971173306773 0.6257991609756097 0.870212171314741 0.610676756097561 0.8662246494023904 0.6086487804878049 0.8631574581673307 0.6117283707317073 0.8618696792828685 0.6287035512195123 0.8625246274900399 0.6497597658536585 0.8641815597609561 0.6710162634146342 0.869774125498008 0.667210575609756
0 0.5302515836653386 0.7405027268292682 0.5332453685258963 0.7374968390243902 0.5374670537848606 0.7491536829268293 0.545535577689243 0.7507665170731708 0.5536339880478087 0.7505831658536586 0.5582442171314742 0.7388895951219512 0.560683826693227 0.7249599707317073 0.5631832131474103 0.7074379756097562 0.568437280876494 0.7012795853658537 0.5709964422310757 0.6801652195121952 0.5713550976095618 0.6586109902439025 0.5709802490039841 0.6369101365853658 0.5712791294820717 0.6189482780487805 0.5694073904382471 0.5987503707317073 0.5639876912350598 0.5706346146341463 0.5595866772908367 0.569754887804878 0.5529851593625498 0.5684352926829268 0.5469975896414342 0.574447068292683 0.5409203565737052 0.5858473951219512 0.5349029003984064 0.5936553560975609 0.5280622768924302 0.6067052487804878 0.5235417111553785 0.6130102634146342 0.5188418187250996 0.6300923951219511 0.5162228824701195 0.6547991317073171 0.5149513984063745 0.6869838536585366 0.5173773107569721 0.7181054975609755 0.5200124402390438 0.7366538390243903 0.5302515836653386 0.7405027268292682
0 0.6520424701195219 0.7630674243902439 0.6550086553784861 0.7453273073170732 0.6549008725099602 0.7239694634146341 0.6522657430278885 0.7054211170731708 0.6525646215139442 0.6874592585365854 0.6529232768924303 0.6659050292682926 0.6484325996015936 0.6704138585365854 0.6437625956175298 0.6856998048780487 0.6419967131474104 0.7033684195121952 0.641578280876494 0.7285150195121951 0.6405057729083666 0.7720621853658537 0.6434227430278885 0.7881474048780488 0.6520424701195219 0.7630674243902439
0 0.49781895219123506 0.7100103414634147 0.4979414342629482 0.702649424390244 0.49810474501992036 0.6928348731707317 0.4967242529880478 0.6851735268292684 0.4938816135458167 0.6747581073170732 0.495609141434263 0.6615635268292682 0.49525104581673307 0.6528756536585365 0.49391138047808764 0.6427606634146342 0.4955776673306773 0.6332465463414634 0.5012314741035857 0.6257604 0.4993908187250996 0.615545268292683 0.49297999402390436 0.6081092975609756 0.4875711533864542 0.6008736146341463 0.4811195 0.5958912829268292 0.4750259422310757 0.5995968243902439 0.4709363525896414 0.6037029463414634 0.4648019661354582 0.6098621268292683 0.46161229083665334 0.6203026341463415 0.45944501195219123 0.6297166097560976 0.45675632868525895 0.6402572585365853 0.45605119920318726 0.6524253073170732 0.45730920717131474 0.6674475658536585 0.4605507709163346 0.684097224390244 0.4665218446215139 0.6877525951219512 0.4720327549800797 0.6888541853658536 0.47658250996015933 0.687301843902439 0.47890374501992033 0.6988439365853658 0.48005968525896414 0.7200002975609756 0.48234009163346614 0.7339960292682928 0.4898549701195219 0.7354981951219512 0.4945272071713147 0.7265849414634147 0.49781895219123506 0.7100103414634147
0 0.6212688545816732 0.5964247902439025 0.6236079501992032 0.588768419512195 0.6254633207171315 0.5769533902439025 0.6267451434262948 0.5663776975609756 0.6236406952191236 0.5535712390243903 0.6176236035856574 0.5496604878048781 0.6179950537848605 0.5605666536585365 0.616623408366534 0.5765403512195122 0.615274219123506 0.5911645414634147 0.6156232131474103 0.6034202097560976 0.6212688545816732 0.5964247902439025
0 0.7550338984063745 0.7032335317073171 0.7577849661354582 0.696050556097561 0.7595510278884463 0.6848042390243902 0.7598288944223107 0.6681051853658537 0.7601067609561754 0.651406131707317 0.7588536832669323 0.6318234195121951 0.7591529243027888 0.6138398243902439 0.7539500298804781 0.6102221756097561 0.7501925836653387 0.6146263512195121 0.746895577689243 0.6229890097560975 0.7467245816733068 0.633265356097561 0.7448943964143426 0.6483652975609756 0.7425182729083665 0.6646449268292682 0.7433109103585657 0.6802691512195121 0.7455917410358566 0.7013461170731708 0.7485681314741036 0.7122515951219511 0.7550338984063745 0.7032335317073171
0 0.6735252689243029 0.719295268292683 0.6797005956175299 0.7141388487804877 0.6854247330677291 0.709957375609756 0.6898836294820717 0.7033927170731707 0.6905114641434262 0.6918017170731707 0.6899093884462152 0.6757043170731707 0.6900860358565737 0.6650882634146342 0.6902273545816733 0.6565954146341463 0.6887405637450199 0.6413863073170732 0.6847328565737051 0.6469760146341464 0.6842559083665338 0.6756393658536585 0.6782395657370518 0.6712413365853659 0.6731962569721116 0.6606469902439025 0.6738947529880478 0.6448095658536585 0.6762566852589642 0.6335651951219512 0.6782204243027888 0.6201109560975611 0.6784324023904382 0.607371687804878 0.6772908127490039 0.5975572634146341 0.673548077689243 0.5872228926829268 0.6702388665338644 0.5769751756097561 0.6640812051792828 0.5810699902439025 0.6575076832669322 0.5840165414634146 0.6551280856573706 0.5963225170731707 0.6545179123505976 0.6068519121951219 0.6560930278884463 0.6167529951219513 0.6558280557768924 0.6326770780487805 0.6582348884462151 0.644874687804878 0.6610575796812749 0.6582205609756098 0.6612437988047809 0.6731696975609756 0.6609788266932272 0.6890937804878049 0.6634033247011951 0.7002297853658537 0.6649431095617531 0.7122540780487805 0.6678364601593625 0.7213535317073171 0.6735252689243029 0.719295268292683