0 0.09103565338645418 0.5835778861386138 0.09085054780876493 0.5709564158415842 0.08915353984063745 0.5627513316831684 0.0914024203187251 0.557476801980198 0.09112878486055777 0.5511555891089108 0.08940648207171314 0.5447505841584158 0.08617227888446216 0.5427619702970297 0.08227697609561753 0.5362312722772278 0.08113988844621514 0.5397685792079208 0.08248737649402389 0.5470526732673268 0.08234825896414343 0.5569530841584158 0.08509382470119523 0.5679211237623762 0.08640337250996016 0.5779053316831684 0.08841195816733068 0.5897315099009901 0.09103565338645418 0.5835778861386138
0 0.10233869920318725 0.5788270693069307 0.10392648207171314 0.5690104504950495 0.10446570916334662 0.5564308762376238 0.10421736653386454 0.5483095891089109 0.10250771115537849 0.5410045445544555 0.1015729780876494 0.5301412524752476 0.09652794023904382 0.5280478960396039 0.09606459760956176 0.5352272475247525 0.09661187051792829 0.5478696683168317 0.09684756573705179 0.5568909900990099 0.09669580079681274 0.5676914405940594 0.0976431812749004 0.5776547029702971 0.09859056175298805 0.5876179603960396 0.10233869920318725 0.5788270693069307
0 0.12922754780876494 0.5740770049504951 0.12861703984063744 0.5659347673267326 0.12685679482071713 0.5622298762376238 0.1269579721115538 0.5550295742574257 0.12489879880478087 0.5468035495049505 0.12353866135458166 0.5404194900990099 0.1222417609561753 0.5295352475247525 0.11902020517928287 0.526646594059406 0.11714613745019921 0.5310420396039605 0.11958012549800798 0.5383889801980198 0.12086437848605577 0.5501732623762375 0.12218657171314741 0.5592574306930693 0.12204745418326694 0.5691578465346535 0.12587951992031873 0.5801887277227723 0.1271384780876494 0.5937730891089109 0.12922754780876494 0.5740770049504951
0 0.19295160358565738 0.6047860346534654 0.19307807370517927 0.5957856584158416 0.19136841832669324 0.5884806138613862 0.1885469701195219 0.582912801980198 0.18608768725099603 0.5773659356435644 0.18660161952191234 0.5665864356435644 0.18709025697211154 0.5576070099009901 0.1850563764940239 0.5475809009900989 0.18036085856573705 0.5464085346534653 0.17881101593625498 0.5535250396039604 0.17829708366533864 0.5643045396039604 0.18034361155378487 0.573430608910891 0.18236484462151395 0.5843567475247525 0.18446196215139443 0.5898826683168317 0.18580945019920317 0.5971667623762376 0.18746851792828684 0.6080719554455445 0.1920375637450199 0.618244698019802 0.19295160358565738 0.6047860346534654
0 0.21778127888446214 0.5918099356435643 0.2186067888446215 0.5846515346534653 0.218745906374502 0.5747511237623762 0.21887237848605579 0.5657507475247524 0.2179249980079681 0.55578749009901 0.21482991235059762 0.5438984653465346 0.21013439442231074 0.542726094059406 0.2079361015936255 0.5444004801980198 0.20879495219123506 0.5606639999999999 0.21077824501992032 0.5742902524752476 0.21061383067729084 0.5859907425742574 0.21588191633466133 0.5980054554455445 0.21778127888446214 0.5918099356435643
0 0.242778812749004 0.6184773910891089 0.24536456772908366 0.6150238811881188 0.24546574302788846 0.6078235792079207 0.24450571513944222 0.5987603613861385 0.2399240219123506 0.5894876534653465 0.2353170358565737 0.5820150198019802 0.23402013545816736 0.5711307772277228 0.23527104780876493 0.5594931336633663 0.236509312749004 0.5487555297029704 0.23370050996015937 0.5422876782178218 0.2301800219123506 0.5348778910891089 0.22653306374501994 0.5364684801980197 0.22427153386454185 0.5426430544554455 0.2244439940239044 0.5561645643564357 0.22572824701195218 0.5679488465346535 0.2262375796812749 0.5832913811881189 0.22718496015936257 0.5932546386138614 0.2327266812749004 0.6115905693069307 0.23698414940239043 0.6181422128712871 0.242778812749004 0.6184773910891089
0 0.2576069442231076 0.5950143217821782 0.2566595637450199 0.5850510643564356 0.25458774302788845 0.5777250742574257 0.25105460756972114 0.5712153217821783 0.24940818725099603 0.5594100940594059 0.2499474143426295 0.5468305148514851 0.24708802390438248 0.5439628168316831 0.2430915438247012 0.5446324158415842 0.24326400398406375 0.5581539306930693 0.2465315498007968 0.5835644653465346 0.25212385856573705 0.5983002425742574 0.25659172709163347 0.6156732871287129 0.2576069442231076 0.5950143217821782
0 0.3054543824701195 0.6206493762376237 0.3079142410358566 0.6158374306930693 0.3096747151394422 0.6040491089108911 0.3073678864541832 0.597970603960396 0.30588564940239044 0.589958099009901 0.30608041434262945 0.5760975198019802 0.2995671673306773 0.5856292376237624 0.2962688067729084 0.5933652178217822 0.2993584880478088 0.6004798564356436 0.3016235816733068 0.6095284900990099 0.301498374501992 0.6184388613861386 0.2993534282868526 0.629214094059406 0.3054543824701195 0.6206493762376237
0 0.7115380657370518 0.4657668118811881 0.7160111254980079 0.4564341534653465 0.7180234661354582 0.45055593564356433 0.7152490378486056 0.4420029900990099 0.711045312749004 0.4321684455445544 0.7089824701195219 0.44164051485148514 0.7073175059760957 0.4571302178217822 0.7076480498007969 0.4679396485148515 0.7115380657370518 0.4657668118811881
0 0.7371537091633465 0.4624527871287129 0.7392165498007968 0.4529807178217822 0.7393848844621514 0.44100121782178214 0.7414477250996016 0.43152914851485147 0.7407024721115538 0.41590003465346537 0.7368461215139442 0.4156769752475247 0.7333708167330677 0.42266949504950496 0.7336676952191235 0.4358748267326733 0.7325352729083665 0.4477985643564356 0.7304724322709163 0.45727063366336634 0.7341604482071713 0.4694731930693069 0.7371537091633465 0.4624527871287129
0 0.835334515936255 0.41058347524752475 0.8383614442231075 0.40116717326732676 0.8399422410358566 0.39166721782178215 0.8356711832669322 0.3866244752475248 0.832627422310757 0.3972387326732673 0.8304972470119523 0.411502599009901 0.835334515936255 0.41058347524752475
0 0.7713512609561752 0.4320599207920792 0.772450015936255 0.42253208910891094 0.7725846812749004 0.41294848514851484 0.7668001593625497 0.4126138960396039 0.7647036513944223 0.4244818663366337 0.7654489043824702 0.4401109801980198 0.7713512609561752 0.4320599207920792
0 0 0.5887533217821782 0.000766601593625498 0.5907733217821782 0.0074095677290836656 0.5935297128712871 0.010487314741035855 0.5782887920792079 0.011674209163346614 0.5617524356435644 0.010886984063745019 0.5498461732673268 0.0066950119521912346 0.5424872673267327 0.004920729083665339 0.5328960594059406 0.0060243585657370514 0.5222852425742575 0.00806508764940239 0.5129147029702971 0.008248268924302788 0.4998785049504951 0.006030416334661354 0.48788949504950496 0.004222826693227092 0.48066850495049507 0 0.47358868811881183 0 0.5887533217821782