0 0.08968097808764941 0.5994010891089109 0.08952541035856573 0.5867218217821782 0.08784739243027888 0.5782277673267326 0.0901089342629482 0.5733 0.08985006772908366 0.5669209950495049 0.08814253585657371 0.5602270148514852 0.08491255179282868 0.5577182524752475 0.08103201992031873 0.5505518168316832 0.07988649203187252 0.5539157376237623 0.08121710159362551 0.5614310099009902 0.08105477290836653 0.5713314207920792 0.08377501792828686 0.5827618168316832 0.08506135657370517 0.5929772029702971 0.08704251195219123 0.6051501485148515 0.08968097808764941 0.5994010891089109
0 0.1009966812749004 0.596441896039604 0.10260767729083665 0.5868564554455445 0.1031764422310757 0.5743346782178218 0.10294709163346613 0.566155594059406 0.10125431474103587 0.5585615792079207 0.10034490239043824 0.547524900990099 0.09530408565737052 0.5446224207920792 0.0948238625498008 0.5517439801980198 0.095341593625498 0.5645019900990099 0.09555618924302789 0.5735811089108911 0.09537910358565738 0.5843815594059406 0.09630327490039842 0.594518202970297 0.09722744621513944 0.6046548415841584 0.1009966812749004 0.596441896039604
0 0.12790030278884462 0.5959686237623762 0.1273087828685259 0.587710801980198 0.12555698007968127 0.5837169356435643 0.1256750358565737 0.5765166336633664 0.12363485258964144 0.5679438366336633 0.12228948605577689 0.5613286039603961 0.12101790637450198 0.5502131782178218 0.11780267928286851 0.5468043811881188 0.11591806175298804 0.5509108514851485 0.11833516932270916 0.5586623564356435 0.1195919920318725 0.570677811881188 0.12089308565737053 0.5799931633663367 0.12073075697211155 0.5898935742574257 0.12453750398406374 0.601560198019802 0.12576481274900397 0.6153757326732673 0.12790030278884462 0.5959686237623762
0 0.19156105577689245 0.6369072722772278 0.19170862749003983 0.627906900990099 0.19001585258964143 0.6203128811881188 0.1872070637450199 0.6142827128712871 0.18476044023904384 0.6083312871287129 0.18529969322709164 0.5976095792079208 0.18580943027888447 0.5886879455445544 0.18379876095617528 0.5783150742574257 0.17910535458167332 0.5763913811881188 0.17753862948207172 0.5832767079207921 0.1769993784860558 0.5939984158415842 0.17902480478087648 0.6034712475247525 0.18102071912350598 0.6147441584158416 0.18310517529880477 0.6206168415841584 0.1844357828685259 0.6281321138613861 0.1860695298804781 0.6393262772277228 0.19061536653386454 0.6502503514851485 0.19156105577689245 0.6369072722772278
0 0.2164244920318725 0.627861202970297 0.21726688247011952 0.620818391089109 0.21742921115537847 0.6109179752475247 0.2175767828685259 0.601917599009901 0.21665261155378487 0.5917809603960397 0.21358495617529882 0.5793717821782178 0.20889154780876493 0.5774480841584159 0.20668903585657372 0.578775702970297 0.20750990637450198 0.5952126089108911 0.20946154780876494 0.6091856287128713 0.20926970517928287 0.6208861188118813 0.21451035856573705 0.6337677524752475 0.2164244920318725 0.627861202970297
0 0.24136294621513943 0.6585742673267327 0.24395713944223107 0.6555253217821781 0.2440751972111554 0.6483250198019802 0.2431362689243028 0.639088415841584 0.23857567529880477 0.6290643811881188 0.23398556972111553 0.6208404207920791 0.23271398804780877 0.609725 0.23399233067729083 0.5982607376237624 0.23525591633466136 0.5876965198019802 0.23246188446215138 0.5807663118811881 0.22895827689243028 0.5727785792079207 0.22530709760956175 0.5737912227722772 0.22303079880478088 0.5796190297029703 0.2231716075697211 0.5931983366336634 0.22442843027888446 0.6052137970297029 0.2249018924302789 0.6206719207920792 0.2258260637450199 0.6308085594059406 0.23132558366533865 0.6500691980198019 0.23556828087649404 0.6573143811881188 0.24136294621513943 0.6585742673267327
0 0.2562480478087649 0.6374229801980198 0.25532387848605576 0.6272863366336633 0.2532689362549801 0.6196135792079207 0.2497505717131474 0.6125258861386138 0.2481315816733068 0.6004316831683169 0.24870034860557771 0.587909900990099 0.24584728685258966 0.5845798415841584 0.24184869920318725 0.5846137079207921 0.2419895079681275 0.5981930148514851 0.24519797211155378 0.6241814950495049 0.2507565219123506 0.6398419851485149 0.25518430079681276 0.6579663564356435 0.2562480478087649 0.6374229801980198
0 0.3040419183266932 0.6707447574257426 0.30651338247011956 0.6663142524752476 0.30830170916334665 0.6547802277227722 0.30600880677290837 0.6483202772277228 0.30454513745019923 0.6400534752475249 0.3047723984063745 0.626192900990099 0.2982359402390438 0.6347074356435644 0.2949190119521912 0.6419348267326733 0.29799244621513943 0.6495580544554455 0.3002366494023904 0.6589881287128713 0.30009055378486055 0.6678985 0.2979200756972112 0.6783558663366337 0.3040419183266932 0.6707447574257426
0 0.7105434322709164 0.5802653118811881 0.7150389581673308 0.5716249752475248 0.7170653406374502 0.5660544504950495 0.7143105717131474 0.5570399603960395 0.7101293147410358 0.546513099009901 0.7080440059760956 0.5556774702970297 0.70634253187251 0.5709363960396039 0.7066477988047809 0.5818227524752475 0.7105434322709164 0.5802653118811881
0 0.7361703087649403 0.5810282821782178 0.7382556175298804 0.5718639108910891 0.7384520358565737 0.5598844108910891 0.740537344621514 0.5507200396039604 0.7398285996015936 0.5349370792079208 0.7359722509960159 0.5340986237623763 0.7324800956175299 0.5405526732673268 0.7327460796812749 0.5538349306930693 0.7315855756972112 0.5656048118811882 0.7295002669322709 0.5747691831683168 0.7331601972111554 0.5875871386138614 0.7361703087649403 0.5810282821782178
0 0.834485920318725 0.5446977079207921 0.8375353167330677 0.5357429504950495 0.8391385816733068 0.5264737722772277 0.8348787569721116 0.520738707920792 0.831809719123506 0.5308914158415842 0.829645842629482 0.5448475891089108 0.834485920318725 0.5446977079207921
0 0.770443689243028 0.5560201287128713 0.7715649103585657 0.5466461435643565 0.7717220438247012 0.5370625445544555 0.7659375219123505 0.5358048613861386 0.7638129302788845 0.5473651287128714 0.7645216733067729 0.5631480940594059 0.770443689243028 0.5560201287128713
0 0 0.5925745792079208 0.006020247011952191 0.5960410099009901 0.009134113545816733 0.5812566881188118 0.01035990438247012 0.5648725297029703 0.009600462151394422 0.5528140693069307 0.0054251613545816734 0.5447702623762376 0.0036731035856573707 0.5348746534653466 0.004801739043824701 0.5244160396039604 0.0068646952191235054 0.515349900990099 0.007078438247011952 0.502313702970297 0.004888368525896415 0.4899441930693069 0.0030974482071713144 0.48241880198019804 0 0.47669853960396036 0 0.5925745792079208