2 0.3929296211346946 0.7677499405828526 0.3909952107602085 0.7789694725218173 0.3888944224862537 0.7890628023442655 0.38906250000000003 0.7973321533203125 0.390625 0.8030500793457032 0.39375 0.8030500793457032 0.3953125 0.8087680053710937 0.3980564350809398 0.8129271653502799 0.4041657818257692 0.8145784492286103 0.4390799757232406 0.82336655255123 0.4432141967028108 0.8194245125457453 0.4433756046487483 0.807775422760587 0.440625 0.8012780755651215 0.4369059476756258 0.787668381344058 0.43351638081093546 0.7712939481440156 0.42968211092859426 0.7689312764365732 0.4258252625539288 0.7696527034207211 0.42367774854505746 0.7749797800893117 0.4204816845493188 0.7740575367414396 0.41886866404694695 0.7686299336099051 0.4163375103034849 0.7651597164223108 0.41332161849983834 0.7645340429647192 0.4098639497506682 0.7679152417036162 0.4028358201209896 0.7606619254605264 0.3983344754217882 0.7609293569154064
2 0.5742240163125027 0.840515260590019 0.5729634504482989 0.8478815409229629 0.5726806031282073 0.8594923193578271 0.5748263346209874 0.8655088242765785 0.590625 0.8659472656250001 0.5921874618530274 0.8602293395996093 0.5910900071540818 0.8454183197140407 0.5892108792833148 0.8356740508896392 0.5817571142495607 0.8277413011553783 0.5769204535706106 0.8334544445468353
2 0.5280084637986573 0.8282600469574901 0.5240076124236845 0.839951888217856 0.5224349965597473 0.8531833798403112 0.5228434095286532 0.868121260383173 0.5317767944206677 0.868514545637798 0.5373720060154564 0.8687608704344243 0.5420976695624612 0.8689689140610933 0.5496771841081249 0.8693025962368942 0.5508070397296873 0.8556347521145762 0.55 0.8430756378173828 0.5484375381469726 0.8373576354980469 0.5440795236066566 0.8211720318351642 0.5409339969606829 0.8129026808591194 0.5370602062581797 0.8123120129322556 0.5325407837719262 0.8176280242739989
2 0.4746762949294962 0.7951713284811205 0.47277048947238237 0.8008574883591514 0.4702913260965343 0.8066355215318389 0.47027518802122564 0.8188116090733659 0.4706449288264981 0.8339032387761481 0.4721417899932853 0.8429356238113687 0.49182592197356156 0.845786720778092 0.494512130020144 0.8419593131884588 0.4929113900604319 0.8332441894130354 0.49062500000000003 0.8259218597412109 0.4875 0.8144859313964844 0.48469870507050394 0.7946831731696655 0.48117156471181355 0.7888253094322036
2 0.343691750972815 0.7578729308722213 0.341916263567501 0.77446044921875 0.34402123643249904 0.7780044567799129 0.34639077616218705 0.7825410469515823 0.3487603158918753 0.7854943865858848 0.35000000000000003 0.7858963775634764 0.3527439350809397 0.7859207094667489 0.3606561567001584 0.7868957997877312 0.37301152518937214 0.7906460528816325 0.3773805295487066 0.7907169474104075 0.38100835240992026 0.7859585409374907 0.3805160103660794 0.778134375229033 0.37866225321859254 0.7664813484663626 0.3756743222112127 0.7607431047676669 0.37364384017823776 0.7584255557784503 0.3688149185949937 0.7531475874573375 0.3640739370875139 0.7474257622486123 0.3591073061226208 0.7485241271718216 0.3535267095831855 0.7465082426864723 0.34924779370737696 0.7508978067071369
2 0.6203057922852186 0.8623544416694018 0.6186817031133696 0.8719748192276094 0.6175377917672512 0.8747577999562705 0.6166230481707028 0.8797668236135907 0.6166065415138071 0.8853513306142637 0.6172649522495632 0.8905358959995732 0.637173988063077 0.8905662066037578 0.6377920308286669 0.8861209144810621 0.6377535739191864 0.8815807000503844 0.6355836943452241 0.8744342347967149 0.6336395956420461 0.8696737247147106 0.630231656846206 0.862171357258624 0.6283129749913687 0.8539938649290812 0.6267127548420841 0.8509886250280186 0.6248467768130619 0.8505410831321928 0.6224368391282747 0.8525601447965987
2 0.500707105602665 0.849093514850125 0.4981726006664542 0.8422593404897556 0.49937315563623824 0.8364014767522961 0.502307845562377 0.8354251661293862 0.5056427204784438 0.8349370108179314 0.5101781503642946 0.8344488555064763 0.5112453103374359 0.8300554577033817 0.5148469752467881 0.8300554577033817 0.5164477152065001 0.8324962342606564 0.5167145051997856 0.8383540979981161 0.5167145051997856 0.8437238064241206 0.5161809252132148 0.8481172042272154 0.5145801852535028 0.8510461360959449 0.5111119153407934 0.8539750679646745 0.5075102504314412 0.8554395338990395 0.5049757454952304 0.8539750679646745
2 0.44967499496145213 0.8282796026084343 0.4473313515864378 0.820417812501921 0.4481125660447759 0.8147001469699114 0.45201863833646655 0.8104118978209043 0.4559247106281572 0.808982481437902 0.4611979082219397 0.808982481437902 0.46334624798236956 0.8061236486718971 0.465299284128215 0.8104118978209043 0.4666664094303067 0.8139854387784102 0.4676429275032293 0.8189883961189186 0.4676429275032293 0.8247060616509282 0.4654945877427995 0.8332825599489426 0.46197912268027785 0.8361413927149476 0.45612001424274173 0.8361413927149476 0.4529951564093892 0.8361413927149476
2 0.5551130393795203 0.8581324896148429 0.5542326324016786 0.8506148978184366 0.5548195703869063 0.8452451893924321 0.5562869153499758 0.8409494226516284 0.5592216052761145 0.8430973060220304 0.5612758882244115 0.8490039852906353 0.5608356847354907 0.8549106645592401 0.5590748707798076 0.8586694604574434 0.5577542603130452 0.8597434021426441
2 0.5975688339496021 0.878328007270901 0.5982144657333527 0.8688773204411331 0.5999899531386665 0.8653333128799701 0.6025724802736686 0.861789305318807 0.6045093756249202 0.8570639619039233 0.605962047138359 0.8535199543427604 0.6077375345436729 0.8535199543427604 0.6090287981111739 0.8547012901964812 0.6099972457867997 0.8606079694650862 0.6099972457867997 0.8659239808068306 0.6098358378408621 0.874783999709738 0.6080603504355482 0.880690678978343 0.604186559733045 0.8818720148320639 0.6022496643817934 0.8818720148320639 0.5999899531386665 0.8818720148320639
2 0.641035720478461 0.888359788508111 0.6405086344924302 0.8853287280896412 0.641035720478461 0.8820221167240382 0.6420898924505226 0.8803688110412365 0.6430687664245797 0.878715505358435 0.643520554412606 0.8754088939928316 0.64427353439265 0.8743066902042973 0.6447253223806766 0.8773377506227668 0.64615598434276 0.8795421581998356 0.6477372423008524 0.88064436198837 0.6488667122709184 0.884226524301107 0.6487161162749097 0.886982033772443 0.6472101563148216 0.889737543243779 0.6451771103687028 0.8900130941909127 0.643520554412606 0.8900130941909127 0.6428428724305665 0.8900130941909127
2 0.651050354213046 0.8900130941909127 0.6505985662250195 0.8858798299839087 0.6511256522110503 0.8789910563055684 0.6519539301890986 0.8778888525170342 0.6532339961551734 0.8784399544113012 0.6537610821412043 0.879266607252702 0.6546646581172569 0.8770621996756333 0.6560200220813363 0.8756844449399653 0.6563212140733541 0.878715505358435 0.6564718100693628 0.8809199129355036 0.6572247900494065 0.8811954638826373 0.6581283660254594 0.8811954638826373 0.6587307500094947 0.8822976676711717 0.6590319420015124 0.8850531771425078 0.6591825379975211 0.8875331356667104 0.6588813460055034 0.8894619922966457 0.6581283660254594 0.8900130941909127 0.6571494920514023 0.8908397470323135 0.6554929360953055 0.8905641960851799 0.6546646581172569 0.8878086866138438 0.6536104861451955 0.8886353394552446 0.6528575061651515 0.8900130941909127 0.6519539301890986 0.8905641960851799