3 0.7451827709163347 0.7446625953757225 0.7490614900398406 0.7529382312138729 0.7543202709163346 0.752316450867052 0.7655890896414342 0.750984063583815 0.7836191992031873 0.7488522427745664 0.7956086613545817 0.7452510867052023 0.8013125856573705 0.7227410751445087 0.7979096215139443 0.6947571445086705 0.7888805378486056 0.6412356994219652 0.7841587310756971 0.6265090693641618 0.7703606474103586 0.6084884624277456 0.7583405756972111 0.609909676300578 0.754077938247012 0.6278821560693642 0.745460828685259 0.6572873005780346 0.7413512490039841 0.6861594913294797 0.7426228944223108 0.7231296589595376 0.7451827709163347 0.7446625953757225
3 0.689926657370518 0.7752150520231214 0.6959060816733068 0.7723245086705203 0.7018855079681274 0.7694339595375723 0.7093980537848605 0.7685456994219653 0.7190113067729084 0.7564912601156069 0.7209283466135458 0.7322454335260116 0.7174641593625498 0.6999016184971099 0.7140918047808765 0.6740976300578034 0.7108418964143426 0.6570134046242775 0.7030232370517928 0.6361022543352601 0.6998345517928286 0.6233779075144509 0.6893169880478087 0.6246214682080924 0.68154296812749 0.660477612716763 0.679778984063745 0.6956231445086706 0.6760673505976096 0.7528345664739884 0.689926657370518 0.7752150520231214
3 0.6093587490039841 0.7716397687861273 0.6176531613545817 0.7728426242774566 0.6251657071713148 0.7719543641618497 0.6371245577689243 0.7661732716763006 0.6446064920318726 0.7631050751445086 0.6441779342629482 0.7325858959537572 0.6422162549800797 0.7000644335260116 0.6334626752988048 0.6661624624277457 0.6279590019920318 0.6493447167630058 0.6208915976095618 0.6283447341040462 0.6147591175298805 0.6203355780346821 0.6083651613545817 0.6472943005780347 0.6028449043824702 0.6828839653179191 0.6033346852589642 0.7177630231213873 0.603885687250996 0.7570019595375723 0.6093587490039841 0.7716397687861273
3 0.5752155697211155 0.7516575780346821 0.5834793685258963 0.7506804913294798 0.5937520438247013 0.7319974046242775 0.5934459302788845 0.7101979942196532 0.5908860537848606 0.6886650578034682 0.5845392928286852 0.6653963121387283 0.5792192888446215 0.6616582138728323 0.5711697669322708 0.6778948843930636 0.5670295756972111 0.7045871329479769 0.5673662988047808 0.728566485549133 0.5752155697211155 0.7516575780346821
3 0.5337435099601593 0.745643289017341 0.5420073107569722 0.7446662080924856 0.5432955418326693 0.729228965317919 0.5430506513944223 0.7117894393063584 0.5398007430278884 0.6947052138728325 0.5350177131474103 0.6756186994219653 0.528256422310757 0.6764181329479768 0.5247756513944224 0.6964817283236994 0.5250205418326693 0.7139212601156069 0.5261391314741036 0.7399917225433525 0.5337435099601593 0.745643289017341
3 0.5178753306772909 0.7409688092485549 0.5199454262948208 0.7276226820809248 0.5197005358565737 0.7101831560693642 0.5156381513944223 0.6888278728323699 0.5096893366533864 0.6938983641618497 0.5069292091633466 0.7116931965317919 0.5072353227091634 0.7334926069364162 0.5178753306772909 0.7409688092485549
3 0.47746063944223105 0.7566651040462428 0.4878251474103586 0.744521838150289 0.48986463346613546 0.728995774566474 0.4888378764940239 0.709465132947977 0.48558796812749006 0.6923809075144509 0.4786430099601594 0.6801006936416185 0.47047104183266936 0.6876176011560694 0.46617779482071714 0.7034101387283237 0.4652262888446215 0.7428267341040463 0.47746063944223105 0.7566651040462428
3 0.8377909282868526 0.7663705317919075 0.8494310219123506 0.7624565664739885 0.859212892430279 0.7516923236994221 0.8589098406374501 0.7301109075144508 0.8536821812749004 0.711513676300578 0.8485218665338646 0.6977123179190751 0.8377789262948208 0.6989825260115606 0.8347091135458168 0.7161589075144509 0.8308465916334662 0.7358309306358382 0.8294295378486056 0.7528118901734104 0.8377909282868526 0.7663705317919075
3 0.9037400378486056 0.7488295028901735 0.9093900079681274 0.7385538034682081 0.9108407330677291 0.723970774566474 0.9047866932270916 0.7054712543352601 0.8997273964143426 0.6988636994219652 0.8950048227091634 0.7162354971098266 0.8945488386454183 0.7427104913294797 0.9037400378486056 0.7488295028901735
3 0.9374869282868526 0.7352317167630058 0.9481961972111553 0.7315635722543352 0.9477584561752987 0.7003904161849711 0.9417044163346613 0.6818908959537572 0.9365441015936254 0.6680895375722544 0.9266612131474103 0.6716599710982659 0.9204879143426294 0.7036147919075144 0.920824639442231 0.7275941445086704 0.9374869282868526 0.7352317167630058
3 1 0.6482739075144509 0.9958077569721115 0.6442689884393064 0.9892977350597609 0.6522444566473988 0.9836140916334661 0.6601222254335259 0.9694982848605578 0.6569873930635838 0.9631229521912351 0.6745546069364162 0.9585013964143426 0.6991202080924855 0.9588717928286852 0.7254974971098266 0.972819235059761 0.716642647398844 0.9867330059760956 0.7053898670520231 1 0.6995171560693642 1 0.6482739075144509