3 0.7312544192681364 0.8095907002077466 0.7305031646904073 0.7725317027144498 0.735010692156782 0.7441924693372233 0.7440257470895315 0.7158532359599965 0.7485332745559061 0.6984137077278568 0.7605533477995721 0.6984137077278568 0.7740759301986962 0.7180331769890138 0.7785834576650709 0.733292764192136 0.7868472580200913 0.7877912899175721 0.7898522763310077 0.8161305232947988 0.7838422397091748 0.8379299335849733 0.771822166465509 0.8401098746139908 0.75379205660001 0.8401098746139908 0.7425232379340733 0.8401098746139908 0.7372644558899694 0.8401098746139908 0.7335081830013237 0.8313901104979209
3 0.664392761850245 0.8313901104979209 0.6689002893166196 0.7747116437434672 0.6711540530498069 0.7398325872791883 0.6794178534048272 0.7049535308149092 0.6899354174930349 0.7049535308149092 0.6929404358039514 0.7180331769890138 0.7004529815812426 0.7398325872791883 0.7034579998921591 0.7572721155113279 0.7064630182030756 0.7834314078595369 0.709468036513992 0.8161305232947988 0.7072142727808045 0.8401098746139908 0.6974479632703262 0.851009579759078 0.6899354174930349 0.851009579759078 0.6839253808712019 0.8531895207880954 0.677915344249369 0.8553694618171128
3 0.5922723223882493 0.8270302284398862 0.5922723223882493 0.7877912899175721 0.5922723223882493 0.752912233453293 0.5982823590100823 0.7180331769890138 0.6050436502096445 0.6918738846408045 0.6110536868314774 0.7005936487568742 0.6178149780310395 0.7223930590470488 0.6230737600751433 0.7398325872791883 0.6313375604301635 0.7747116437434672 0.6328400695856218 0.807410759178729 0.6328400695856218 0.8379299335849733 0.6253275238083306 0.8401098746139908 0.6133074505646646 0.8444697566720258 0.6057949047873735 0.8444697566720258 0.5975311044323532 0.8422898156430081
3 0.5562121026572515 0.7943311130046243 0.5562121026572515 0.7703517616854323 0.5607196301236264 0.7441924693372233 0.5689834304786466 0.7289328821341011 0.5742422125227504 0.733292764192136 0.5802522491445834 0.7572721155113279 0.5825060128777707 0.7790715258015024 0.5825060128777707 0.8008709360916767 0.5719884487895631 0.8183104643238164 0.5637246484345428 0.8183104643238164
3 0.51489310088215 0.8008709360916767 0.514141846304421 0.7747116437434672 0.514141846304421 0.7572721155113279 0.5178981191930666 0.7376526462501708 0.5246594103926286 0.7376526462501708 0.5291669378590033 0.7572721155113279 0.5321719561699197 0.7747116437434672 0.5321719561699197 0.792151171975607 0.5306694470144616 0.807410759178729 0.5224056466594412 0.807410759178729
3 0.4961117364389221 0.792151171975607 0.4961117364389221 0.7703517616854323 0.4991167547498386 0.752912233453293 0.5051267913716715 0.748552351395258 0.508883064260317 0.7703517616854323 0.508883064260317 0.7877912899175721 0.5066293005271297 0.8008709360916767
3 0.4540414800860914 0.796511054033642 0.4555439892415496 0.7572721155113279 0.4600515167079244 0.7420125283082056 0.4683153170629446 0.7354727052211534 0.4750766082625068 0.748552351395258 0.4780816265734231 0.7659918796273977 0.4788328811511523 0.7856113488885547 0.476579117417965 0.8008709360916767 0.46606155332975724 0.8117706412367639
3 0.8175010619792209 0.8494704401524018 0.8191538220502249 0.8326848942289675 0.8232857222277352 0.813501413173614 0.8265912423697432 0.7967158672501797 0.8373341828312697 0.7967158672501797 0.8422924630442821 0.8111034780416947 0.8472507432572939 0.8302869590970484 0.8472507432572939 0.851868375284321 0.8373341828312697 0.8614601158119978 0.8256585139502132 0.8639935883022356
3 0.8826540349587115 0.8470725050204826 0.8834804149942134 0.8206952185693716 0.8884386952072256 0.8039096726459373 0.893396975420238 0.8111034780416947 0.8991816356687521 0.8302869590970484 0.8975288755977481 0.8446745698885636 0.8917442153492339 0.85426631041624
3 0.9090981960947765 0.8350828293608867 0.9090981960947765 0.8111034780416947 0.9157092363787928 0.7799303213267454 0.925625796804817 0.7775323861948261 0.9305840770178293 0.7919199969863413 0.9363687372663435 0.8111034780416947 0.9363687372663435 0.8422766347566442 0.925625796804817 0.8446745698885636
3 0.9471116777278697 0.8374807644928058 0.9471116777278697 0.8111034780416947 0.952069957940882 0.787124126722503 0.9586809982248985 0.7703385807990684 0.9727294588284329 0.7751344510629069 0.9785141190769473 0.7679406456671493 0.9851251593609635 0.7607468402713917 0.9917361996449797 0.7679406456671493 0.9925625796804816 0.7967158672501797 0.9900834395739754 0.8158993483055332 0.975208598934939 0.8206952185693716 0.9611601383314045 0.8302869590970484