3 0.7268394741035857 0.930524063583815 0.7305258047808765 0.9397514913294798 0.7357845856573705 0.9404622138728324 0.7470534043824701 0.9419852023121387 0.765083515936255 0.9444219768786126 0.7771210737051792 0.9438665549132949 0.7833059661354582 0.9228794046242775 0.7805282629482072 0.8941340404624278 0.7727016035856574 0.8385186589595376 0.7683164741035856 0.8226498786127168 0.7549512629482071 0.8012028265895954 0.7429311892430279 0.7995783063583815 0.7382837768924302 0.8164086416184971 0.7290414083665339 0.8435294855491329 0.7243065677290836 0.8712595260115608 0.7247605677290837 0.9084200578034681 0.7268394741035857 0.930524063583815
3 0.6710542928286852 0.9469900173410405 0.6770818147410358 0.9456223352601156 0.6831093386454183 0.9442546531791908 0.6906218844621513 0.9452699768786128 0.7004756215139442 0.9356901907514451 0.7029217270916335 0.9120154393063584 0.7001789940239044 0.8789101965317919 0.6973838027888446 0.852344774566474 0.6945186693227091 0.8344991156069365 0.6871809800796813 0.8116843815028902 0.6842808764940239 0.7981986069364162 0.6737633127490039 0.7967771502890173 0.6652197410358566 0.8305393526011561 0.6626862071713148 0.865113809248555 0.6577240537848605 0.9211830809248556 0.6710542928286852 0.9469900173410405
3 0.59077496812749 0.9230464046242775 0.599021282868526 0.9263432023121387 0.606533828685259 0.9273585260115607 0.6185888725099601 0.924623161849711 0.6261189043824701 0.9234585433526011 0.626363703187251 0.8929393699421965 0.6251234780876493 0.8600371907514451 0.6171394482071714 0.8240412774566475 0.6120205517928287 0.8058910231213874 0.6054341175298805 0.7831778208092486 0.5994940219123506 0.7736457976878612 0.5925229043824701 0.7988913005780346 0.5862330976095618 0.832958098265896 0.5859533266932271 0.8678371560693642 0.5856385856573705 0.9070760924855491 0.59077496812749 0.9230464046242775
3 0.5571608525896414 0.894498098265896 0.5654246533864542 0.8956149537572254 0.5760821035856574 0.8795968786127168 0.5762569601593626 0.8577974682080926 0.5741780517928288 0.8356934624277457 0.568360358565737 0.8109018497109827 0.563136547808765 0.8058312427745665 0.5547503466135458 0.819973971098266 0.5500329920318725 0.8455240693641619 0.5498406494023905 0.8695034219653179 0.5571608525896414 0.894498098265896
3 0.5159292808764939 0.8780141098265897 0.5241930796812749 0.879130965317919 0.5258179880478088 0.8640744450867053 0.5259578745019919 0.8466349190751444 0.5230927410358566 0.8287892601156069 0.5187425836653387 0.8085605953757224 0.5119812928286853 0.807646803468208 0.5080676494023905 0.826758612716763 0.5079277649402391 0.8441981387283237 0.5084691912350597 0.8704589653179191 0.5159292808764939 0.8780141098265897
3 0.500205390438247 0.8693421098265897 0.5025640677290837 0.8565670578034682 0.502703954183267 0.8391275317919075 0.4991225378486056 0.8168204566473989 0.4930775298804781 0.8203680809248555 0.489932625498008 0.8374014797687861 0.4897577689243028 0.8592008901734104 0.500205390438247 0.8693421098265897
3 0.4595502151394422 0.8747590635838149 0.4701552071713147 0.8652808150289018 0.47253137051792826 0.8503258208092486 0.4719374880478088 0.8306048208092486 0.4690723545816733 0.812759161849711 0.4624159760956176 0.7987657283236995 0.45409971912350594 0.8041886936416185 0.44946979282868527 0.8188390867052023 0.44765254183266934 0.8578749595375722 0.4595502151394422 0.8747590635838149
3 0.8187282868525896 0.9755816994219653 0.8304242788844622 0.9746261965317919 0.8404177749003984 0.9663746820809248 0.8405908824701196 0.9447932658959537 0.8357864760956176 0.9249396705202313 0.8309436015936255 0.9098819479768787 0.8202006613545816 0.908430034682081 0.8167605019920319 0.924768838150289 0.8124747270916334 0.9433938901734105 0.810687328685259 0.9599560693641618 0.8187282868525896 0.9755816994219653
3 0.8848920139442231 0.9747859306358382 0.8907536095617531 0.9659759884393063 0.8925217749003984 0.9518117514450867 0.8868909880478087 0.9318464682080925 0.8819904103585657 0.9239825491329481 0.8768974920318725 0.9400979826589596 0.8758595358565737 0.966363583815029 0.8848920139442231 0.9747859306358382
3 0.91885053187251 0.9697733005780347 0.9296127051792828 0.9688272774566474 0.929862750996016 0.9376541213872833 0.9242319641434263 0.9176888439306358 0.9193890896414343 0.9026311156069364 0.9094532948207171 0.9036888265895954 0.9025922091633466 0.9339684971098265 0.9023998665338645 0.9579478497109826 0.91885053187251 0.9697733005780347
3 0.9545002788844621 0.9601881734104045 0.9686256752988048 0.9524950867052024 0.983538984063745 0.9497095606936417 0.9861719980079681 0.9308611329479768 0.9855764282868525 0.901974225433526 0.9790230916334661 0.8938869364161849 0.9723543486055778 0.9001872601156069 0.9665119860557768 0.9065992658959536 0.9525019940239043 0.899904739884393 0.9457563127490041 0.9157967976878614 0.9406056912350598 0.9391060346820809 0.9403941155378487 0.965483323699422 0.9545002788844621 0.9601881734104045