3 0.4894750633245383 0.8884936618357487 0.4949859736147757 0.8890808405797102 0.5029259300791556 0.8757768550724637 0.5113848799472295 0.8645495942028986 0.517024179419525 0.8570647584541063 0.5276874934036939 0.8460723671497584 0.53598595646438 0.8449351304347825 0.5368901200527705 0.8227957971014492 0.537243191292876 0.8005977439613527 0.5375641649076517 0.7804176956521739 0.5373982427440633 0.7561429178743961 0.5345410593667546 0.727538541062802 0.5288000329815303 0.7067125990338164 0.5229948100263853 0.6899226618357487 0.5159911134564644 0.679069304347826 0.509961209762533 0.6764054009661836 0.505424092348285 0.6840076763285023 0.49949591556728234 0.7096545603864735 0.49625899868073875 0.7396310434782608 0.49370156332453824 0.7615942270531401 0.49098364116094984 0.7936474299516909 0.48713143931398417 0.8276012077294685 0.48350391952506594 0.8474289468599033 0.482926166226913 0.8837530338164251 0.4894750633245383 0.8884936618357487
3 0.4489298786279683 0.9387520966183575 0.45567136147757253 0.9313846956521739 0.4635471226912929 0.9221167198067634 0.466168753298153 0.8961175314009662 0.465938635883905 0.8758787632850241 0.4646063364116095 0.8555225603864733 0.4625624591029024 0.8451976666666666 0.4570194511873351 0.8466284927536232 0.45248233377308705 0.8542307681159421 0.4511233720316623 0.8702573671497584 0.4474958522427441 0.8900851111111111 0.4438683324538259 0.9099128502415459 0.44189408575197886 0.9299167439613526 0.4489298786279683 0.9387520966183575
3 0.5621761121372032 0.8295328309178744 0.5687571068601583 0.8322554541062802 0.5760496807387863 0.824946768115942 0.5839896372031662 0.8116427826086956 0.5875850593667546 0.7938330483091788 0.5892007994722955 0.7616624057971014 0.5883232994722954 0.7474189371980676 0.5858567216358839 0.7289633043478262 0.5799873034300792 0.7162093768115941 0.574733172823219 0.6994781594202898 0.5680558852242744 0.7028095507246376 0.5639414696569921 0.7185425652173913 0.561159352242744 0.7546317826086956 0.5607741833773087 0.7788478405797102 0.5570824683377309 0.8027115893719807 0.5561462084432718 0.8268689275362319 0.5621761121372032 0.8295328309178744
3 0.6402863443271768 0.7428483961352658 0.644143981530343 0.7432594251207729 0.6502701781002638 0.739869309178744 0.6588575171503958 0.7205700338164251 0.6624529393139842 0.7027602946859903 0.6629985963060686 0.6684542125603865 0.6605641147757256 0.6479805748792271 0.6570274511873351 0.627389502415459 0.6525224300791557 0.63297377294686 0.649478098944591 0.6508422270531401 0.6459147730870712 0.6666339565217392 0.6384938113456464 0.6820146618357488 0.6335394274406333 0.715851 0.6347112387862797 0.7462972270531402 0.6402863443271768 0.7428483961352658
3 0.7783583364116096 0.5998886328502415 0.787400474934037 0.5867020869565217 0.7919137401055409 0.5748994927536232 0.7917395725593668 0.556843038647343 0.7902146899736149 0.5485948647342995 0.7821730052770449 0.5335880628019324 0.777764277044855 0.5331183188405797 0.7742009525065964 0.5489100483091788 0.7728419907651715 0.564936652173913 0.7702203601583114 0.590935845410628 0.7783583364116096 0.5998886328502415
3 0.808031660949868 0.5796294444444444 0.8167366886543536 0.581742115942029 0.8224401833773087 0.5702212705314009 0.8297327572559366 0.562912579710145 0.8300537308707124 0.5427325314009662 0.8297915171503958 0.5245117729468599 0.8255432757255936 0.5139520048309179 0.8184111886543536 0.5111706666666667 0.8127718891820581 0.5186555072463768 0.8093369538258575 0.5263752173913043 0.8046393482849603 0.5440675169082125 0.8037993812664909 0.562170845410628 0.8018893284960423 0.578138729468599 0.808031660949868 0.5796294444444444
3 0.845548474934037 0.5403406280193237 0.8500534947229551 0.5347563526570048 0.8557248931398417 0.5252535120772946 0.8596788218997361 0.5196105217391304 0.8647991279683377 0.5100489565217391 0.8682661622691293 0.5003112415458937 0.867420758575198 0.484049768115942 0.864467283641161 0.46149940579710147 0.8603795290237467 0.44084961352657004 0.8550933007915567 0.42613640096618355 0.8487745197889182 0.441634541062802 0.8461207928759894 0.4696517391304348 0.8441465461741424 0.48965563285024155 0.8416212071240106 0.5096008115942029 0.8390316741424801 0.5335819951690821 0.845548474934037 0.5403406280193237
3 0.9042425435356201 0.4697802512077295 0.909298654353562 0.4642547004830918 0.9160722335092348 0.45486928985507247 0.927350833773087 0.43989960869565214 0.9311067440633245 0.4119998502415459 0.9241672414248021 0.3971104830917874 0.9181373377308707 0.3944465797101449 0.9090951992084433 0.4076331256038647 0.9022574248021108 0.4210545458937198 0.8981109116094986 0.4388055652173913 0.8944191965699209 0.4626693140096618 0.9042425435356201 0.4697802512077295
3 0.9617377242744064 0.39504928502415454 0.9672486345646438 0.39563646859903384 0.9744770131926122 0.3923637922705314 0.9818979762532982 0.3769830869565218 0.9876014709762533 0.36546223671497585 0.9862691715039578 0.34510603381642513 0.9827967031662268 0.32047894685990336 0.9773766503957784 0.27947295169082126 0.9712825514511874 0.2808450628019324 0.9672002321899736 0.29456006763285025 0.9635085171503959 0.31842382125603863 0.9612774907651714 0.35457175362318843 0.9586558601583114 0.3805709468599034 0.9617377242744064 0.39504928502415454
3 0.7284524089709762 0.6496322560386473 0.7330068799472296 0.6501175265700484 0.7385341279683377 0.6415940917874396 0.7453035052770449 0.6332030000000001 0.7490258073878628 0.6077812560386474 0.7475625580474934 0.5954755362318841 0.7420312255936675 0.578180193236715 0.7366968997361477 0.5745743768115942 0.7299034076517151 0.5844816231884058 0.7266433786279682 0.6069151690821256 0.72316222823219 0.6171753429951691 0.7239943984168865 0.6430823574879226 0.7284524089709762 0.6496322560386473
3 0.2785958284960422 0.8749889951690821 0.28227398416886545 0.8784183478260869 0.2884605105540897 0.8805962415458938 0.29501285092348284 0.8858505603864735 0.2989321583113456 0.874118347826087 0.2987110382585752 0.8619449758454106 0.2944459498680739 0.8432658212560387 0.29190937862796834 0.820214657004831 0.28705932321899735 0.8023636038647344 0.2816082480211082 0.8091205700483092 0.27859142612137205 0.8308124492753622 0.2769470831134565 0.8502046376811594 0.27681472559366754 0.8673120048309179 0.2785958284960422 0.8749889951690821
3 0.12456355540897097 0.705863458937198 0.12866976649076517 0.7063009710144927 0.134506827176781 0.7056677536231885 0.136397117414248 0.6945728502415459 0.1345034525065963 0.6843299178743961 0.1319453482849604 0.6727610434782609 0.13148020976253297 0.6589048792270532 0.13101507124010556 0.6450487149758454 0.13036718733509234 0.6211319130434783 0.1266031609498681 0.6207308647342995 0.12362652902374671 0.635475458937198 0.1225634907651715 0.659209961352657 0.12033101583113456 0.6702684057971015 0.1198925567282322 0.6978348937198067 0.12456355540897097 0.705863458937198
3 0.11340761345646437 0.6745513091787441 0.11751382321899737 0.6749888212560387 0.11904199868073878 0.6651104782608696 0.11994559762532982 0.651400154589372 0.12010503693931399 0.6413759758454106 0.11881601978891822 0.6362180483091787 0.11312184300791557 0.6494179468599034 0.11149401715039578 0.6655614009661835 0.11340761345646437 0.6745513091787441
3 0.10931795778364116 0.6515229420289855 0.11116838786279683 0.6429340821256039 0.11165008179419525 0.634199381642512 0.11354037335092348 0.6231044782608696 0.11114508311345647 0.6228492657004832 0.10693922427440633 0.6286768647342995 0.10396259102902375 0.643421458937198 0.10931795778364116 0.6515229420289855
3 0.20041040105540894 0.7871473043478261 0.20405381662269131 0.7896101256038648 0.20726340897097625 0.7837282367149758 0.2077603284960422 0.7702961497584541 0.20907269788918206 0.7590255652173913 0.2103685963060686 0.7487905314009662 0.20738959894459102 0.7401746425120773 0.2037132401055409 0.7397829323671498 0.20080291688654353 0.7446593913043479 0.1988755408970976 0.7589763816425121 0.19823038126649078 0.7817284734299517 0.20041040105540894 0.7871473043478261
3 0.1921406187335092 0.7727811352657006 0.19588286147757256 0.7690306231884058 0.1965143390501319 0.7649486618357487 0.19727758575197887 0.7525822560386474 0.19740935356200529 0.7442978115942029 0.19650876121372032 0.7296795072463768 0.19402947361477574 0.7252661014492754 0.18967222427440633 0.7320630193236716 0.1877942612137203 0.7432733381642512 0.18778057915567284 0.7619434734299516 0.1921406187335092 0.7727811352657006
3 0.21819644854881268 0.8087512801932367 0.2220238364116095 0.8174575652173913 0.23383541952506598 0.8228653188405798 0.2412210791556728 0.8215776280193237 0.24639377704485488 0.8169422173913042 0.24610819129287598 0.7992775072463768 0.24405993931398418 0.7855742367149758 0.24034784960422165 0.7696190579710146 0.23695428759894457 0.7692574782608695 0.2348923548812665 0.7742243381642513 0.23296497889182058 0.7885413236714975 0.22977185883905013 0.7933876570048309 0.2276247810026385 0.7858977149758454 0.2258922691292876 0.770153458937198 0.2233470976253298 0.7698822753623189 0.21957191160949868 0.7757038985507246 0.2174935079155673 0.781706309178744 0.21604937071240105 0.8012613381642512 0.21819644854881268 0.8087512801932367
3 0.15815564775725593 0.7402604782608695 0.16875195514511873 0.7520205845410628 0.17769209102902375 0.7636042270531401 0.18324345514511872 0.7535646328502416 0.18268063720316624 0.7367986714975845 0.18160731530343008 0.72605322705314 0.17873313060686016 0.7242282608695652 0.17437158179419524 0.7116137342995169 0.1724460593667546 0.7022962125603864 0.16750165963060684 0.7002506714975845 0.16450689841688654 0.7060064879227053 0.1602458944591029 0.713146115942029 0.15420814116094986 0.7276900628019324 0.15815564775725593 0.7402604782608695
3 0.685404154353562 0.6995440772946859 0.6909150646437995 0.7001312608695651 0.6986050197889182 0.6899246570048309 0.7079146675461742 0.67254 0.7186689313984168 0.6589845797101449 0.7185180936675462 0.6369165990338164 0.7157455778364117 0.621919922705314 0.7096461372031663 0.6267830096618356 0.7009541992084432 0.636882850241546 0.6952973918205805 0.6454684202898551 0.6881959670184697 0.6502247536231883 0.6826850567282322 0.649637574879227 0.6770282493403694 0.6582231449275363 0.6765613773087071 0.6875759420289854 0.685404154353562 0.6995440772946859