3 0.49614189295541655 0.830889841142981 0.49614189295541655 0.7945657536659652 0.4994484391769391 0.7743857050676229 0.5027549853984616 0.7400796224504411 0.5049593495461434 0.7077915446930935 0.5071637136938251 0.685593491234917 0.5099191688784273 0.6553234183374037 0.5154300792476315 0.6290893551595588 0.5198388075429949 0.6210173357202219 0.5259008089491196 0.623035340580056 0.5330649924290852 0.6331253648792272 0.5391269938352099 0.649269403757901 0.5451889952413346 0.6694494523562432 0.5484955414628572 0.6977015203939224 0.5490466324997777 0.721917578711933 0.5490466324997777 0.7420976273102753 0.5490466324997777 0.7642956807684517 0.5484955414628572 0.7864937342266282 0.5402291759090508 0.7885117390864624 0.5297584462075626 0.8006197682454678 0.5242475358383584 0.8086917876848047 0.5159811702845519 0.8207998168438101 0.5082658957676659 0.8349258508626494 0.5027549853984616 0.8349258508626494
3 0.45591224726022533 0.8813399626388367 0.45756552037098663 0.8611599140404945 0.4608720665925092 0.8409798654421523 0.4641786128140317 0.8207998168438101 0.46528079488787266 0.8046557779651363 0.46968952318323604 0.7965837585257993 0.4752004335524403 0.7945657536659652 0.477404797700122 0.8046557779651363 0.47905807081088325 0.8248358265634785 0.47960916184780367 0.8450158751618208 0.477404797700122 0.8712499383396656 0.46968952318323604 0.8813399626388367 0.46307643074019084 0.8894119820781736
3 0.5683348187919927 0.766313685628286 0.5688859098289131 0.7420976273102754 0.5721924560504356 0.7178815689922646 0.5721924560504356 0.6936655106742539 0.5743968201981173 0.6573414231972379 0.5782544574565603 0.6411973843185642 0.5848675498996054 0.6371613745988955 0.5903784602688098 0.6533054134775695 0.5964404616749345 0.6654134426365748 0.5991959168595367 0.6835754863750829 0.6002980989333774 0.6977015203939224 0.5991959168595367 0.72998959815127 0.595889370638014 0.7481516418897779 0.588174096121128 0.7622776759086176 0.5810099126411624 0.7703496953479544 0.5743968201981173 0.7683316904881201
3 0.6454875639608525 0.6775214717955802 0.6438342908500913 0.6472513988980667 0.6482430191454547 0.6129453162808849 0.6554072026254203 0.5968012774022111 0.6587137488469428 0.5806572385235373 0.661469204031545 0.5624951947850294 0.6658779323269084 0.5564411802055267 0.6697355695853513 0.5766212288038689 0.6724910247699535 0.5968012774022111 0.6724910247699535 0.6311073600193929 0.669184478548431 0.649269403757901 0.6609181129946244 0.6694494523562432 0.6548561115884998 0.6734854620759115 0.650998474330057 0.6734854620759115
3 0.7783005038586757 0.5080090635695053 0.7805048680063574 0.48177500039166044 0.7816070500801984 0.4656309615129866 0.7849135963017208 0.44948692263431284 0.7893223245970842 0.44948692263431284 0.7975886901508906 0.4636129566531524 0.7992419632616519 0.4716849760924893 0.7997025466465232 0.48969235522495125 0.7953843260032089 0.5019550489900028 0.7865668694124821 0.5160810830088423
3 0.80971269296314 0.4918650246908316 0.8113659660739013 0.47572098581215777 0.8119170571108217 0.4575589420736497 0.8163257854061853 0.43939689833514173 0.8196323316277078 0.43132487889580484 0.825143241996912 0.423252859456468 0.8323074254768775 0.4252708643163022 0.836716153772241 0.43536088861547323 0.8372672448091614 0.4535229323539813 0.8372672448091614 0.47370298095232355 0.8301030613291959 0.48177500039166044 0.8245921509599916 0.4938830295506659 0.8158683043536183 0.49269987053695613
3 0.8460847013998883 0.4434329080548101 0.8482890655475699 0.4192168497367995 0.8504934296952517 0.3990368011384572 0.852146702806013 0.378856752540115 0.8543510669536947 0.3506046845024359 0.8604130683598192 0.3344606456237621 0.8659239787290235 0.34858667964260165 0.870332707024387 0.3687667282409439 0.8736392532459096 0.3909647816991203 0.8747414353197505 0.40710882057779413 0.871434889098228 0.41719884487696535 0.866475069765944 0.42728886917613634 0.8626174325075011 0.433342883755639 0.8571065221382967 0.4434329080548101 0.8526977938429333 0.44948692263431284
3 0.9002525223174025 0.3667487233811098 0.9035590685389252 0.342532665063099 0.9074167057973681 0.324370621324591 0.9140297982404132 0.3102445873057514 0.9228472548311402 0.29611855328691183 0.9289092562372647 0.29813655814674606 0.9360734397172306 0.31226259216558566 0.9327668934957076 0.3405146602032648 0.9217450727572991 0.3566586990819385 0.9151319803142542 0.3667487233811098 0.9101721609819704 0.37280273796061236
3 0.9630769005263313 0.27795650954840384 0.965281264674013 0.2517224463705589 0.9669345377847745 0.21539835889354286 0.970241084006297 0.1911823005755322 0.9740987212647398 0.1770562665566926 0.9801607226708647 0.1750382616968584 0.9862227240769894 0.21539835889354286 0.9900803613354325 0.23961441721155358 0.9917336344461937 0.25979446580989585 0.9862227240769894 0.2719024949689011 0.9790585405970238 0.2880465338475749 0.9718943571170581 0.2920825435672434 0.966383446747854 0.2920825435672434
3 0.7329807622885884 0.5649843268502536 0.7317386337305409 0.5392096592190125 0.735050976552001 0.5285965607826192 0.7379492765207787 0.5058542069903478 0.744573962163699 0.49524110855395437 0.7499565192485717 0.4982734223929238 0.7557531191861269 0.5149511485072563 0.757409290596857 0.5270804038631345 0.7540969477753968 0.5528550714943754 0.7474722621324764 0.5619520130112841 0.7420897050476039 0.5710489545281926 0.737535233668096 0.5710489545281926
3 0.2901181007682534 0.8364003460132392 0.28997859316947056 0.8193078448504434 0.291312233478818 0.799773557807248 0.29397951409751283 0.7777974848836533 0.2993140753349026 0.7704721272424551 0.3044393751741182 0.7877770878202426 0.3073376751428958 0.8105194416125141 0.31189214652240344 0.8287133246463314 0.3123061893750859 0.8408425800022095 0.3085798037009433 0.8529718353580875 0.3019551180580231 0.8484233645996333 0.29574447526778536 0.8469072076801484 0.29201808959364267 0.8438748938411789
3 0.13077035974407744 0.6839015046768361 0.13077035974407744 0.6563350152316585 0.13282346479870152 0.6450578150040859 0.13350783315024287 0.6212503923014325 0.13624530655640824 0.6062141253313357 0.14000933248988565 0.6062141253313357 0.14103588501719766 0.630021548033989 0.141720253368739 0.6438047927565779 0.14240462172028037 0.6575880374791666 0.14514209512644577 0.6688652377067392 0.1471952001810698 0.6788894156868038 0.1454842793022164 0.6901666159143764 0.13966714831411495 0.6914196381618845 0.1355609382048669 0.6914196381618845
3 0.12187357117403995 0.6525759484891342 0.12324230787712263 0.6362866592715295 0.1287172546894534 0.6225034145489406 0.1300859913925361 0.6275155035389729 0.1300859913925361 0.6375396815190374 0.12940162304099476 0.6513229262416264 0.12803288633791204 0.6613471042216907 0.12392667622866398 0.6613471042216907
3 0.11400333513131443 0.6312745702814972 0.11674080853747984 0.6162383033114002 0.1208470186467279 0.6099731920738599 0.12324230787712263 0.6099731920738599 0.12153138699826925 0.6212503923014325 0.1211892028224986 0.630021548033989 0.11947828194364521 0.6387927037665456
3 0.2103077610197911 0.759320487946075 0.21059055785927103 0.73653826526411 0.21228733889615037 0.7220404871937689 0.21511530729094933 0.7168627093115042 0.218791666204188 0.7168627093115042 0.22190243143846683 0.7251471539231277 0.22077124408054727 0.7355027096876572 0.21964005672262768 0.7468938210286395 0.2193572598831478 0.760356043522528 0.21624649464886897 0.7665693769812456 0.2125701357356303 0.7644982658283398
3 0.1995614811195551 0.7406804875699219 0.19927868428007525 0.7220404871937689 0.2009754653169546 0.7106493758527863 0.205217417909153 0.7034004868176157 0.20776258946447207 0.7075427091234274 0.2088937768223916 0.7220404871937689 0.2088937768223916 0.7303249318053926 0.20832818314343185 0.7427515987228278 0.20776258946447207 0.7468938210286395 0.2040862305512334 0.7510360433344513
3 0.22840675874650443 0.7769249327457751 0.22953794610442402 0.7572493767931691 0.23151752398078332 0.7510360433344513 0.2351938828940219 0.7448227098757336 0.237739054449341 0.7448227098757336 0.23971863232570026 0.760356043522528 0.24198100704153944 0.7676049325576987 0.2450917722758183 0.7624271546754336 0.24678855331269767 0.7479293766050926 0.2487681311890569 0.7427515987228278 0.2521616932628156 0.7427515987228278 0.2561208490155342 0.758284932369622 0.2583832237313734 0.7717471548635104 0.25894881741033315 0.7893515996632106 0.25385847429969505 0.7945293775454751 0.24650575647321774 0.7966004886983814 0.23462828921506215 0.7924582663925697 0.2306691334623436 0.7841738217809459
3 0.16550194607053284 0.710056074752532 0.17129854600808805 0.6948945055576844 0.1754389745349132 0.6873137209602604 0.17833727450369083 0.6812490932823213 0.183305788735881 0.6827652502018061 0.18537600299929358 0.6918621917187147 0.18993047437880123 0.703991447074593 0.19282877434757884 0.7055076039940776 0.1940709029056264 0.716120702430471 0.1948989886109914 0.7327984285448034 0.18951643152611872 0.7434115269811966 0.18040748876710339 0.7327984285448034 0.169642374597358 0.7221853301084101
3 0.6863344871128827 0.6144480044674602 0.6863344871128827 0.5850952065062351 0.691845397482087 0.5759224571433523 0.6973563078512912 0.5759224571433523 0.7043701937757331 0.5704188075256226 0.7098811041449374 0.5612460581627398 0.7183979656246167 0.5502387589272804 0.7244098678455667 0.5447351093095506 0.7274158189560417 0.5594115082901632 0.7279168108077877 0.581426106761082 0.7173959819211251 0.5961025057416945 0.7083781285896997 0.6144480044674602 0.7008632508135121 0.6254553037029196 0.6953523404443078 0.6254553037029196