3 0.5200323575197889 0.8670607342995169 0.5255432678100265 0.8674129758454107 0.53296622823219 0.8537800869565216 0.5409820382585753 0.8422004202898551 0.5463259116094987 0.8344806473429952 0.5565460870712401 0.8230418792270531 0.5647706926121372 0.8215522415458938 0.5648624327176781 0.7993894154589373 0.5644030817941953 0.7771913574879228 0.5639854907651716 0.757011309178744 0.5629332889182058 0.7327600289855073 0.5590421147757256 0.70429661352657 0.5525625211081795 0.6837290966183576 0.5461664459102903 0.6671975893719807 0.5387934670184696 0.6566496473429952 0.5326897058047494 0.6542441739130435 0.5284480145118734 0.6620344009661836 0.5234799736147757 0.6879162173913043 0.5213509063324538 0.7180101690821257 0.5196058931398417 0.7400673236714976 0.5180696754617414 0.7722145024154589 0.5154730356200528 0.8063092415458937 0.5125840817941952 0.8262779420289855 0.513335746701847 0.8626020289855072 0.5200323575197889 0.8670607342995169
3 0.4814813007915567 0.9190107053140097 0.4879273562005277 0.911361381642512 0.49543383509234823 0.9017644975845411 0.49709532981530347 0.8756713333333334 0.49612664643799476 0.8554560579710145 0.49405578232189973 0.8351703381642511 0.49164262137203163 0.8249394154589372 0.4861734709762533 0.8266051787439613 0.4819317783641161 0.8343954009661836 0.4811636701846966 0.8504689903381643 0.47827471635883906 0.870437690821256 0.4753857612137203 0.8904063961352656 0.474150080474934 0.910480768115942 0.4814813007915567 0.9190107053140097
3 0.5902961385224275 0.8050457439613526 0.5969509907651716 0.8074864444444445 0.6039481372031662 0.7998723429951691 0.6113710976253298 0.7862394492753623 0.6143018113456464 0.7682887536231885 0.6147358469656992 0.7360711207729469 0.6133413496042216 0.7218746376811594 0.610210062005277 0.7035364734299516 0.6038975052770448 0.6910409758454106 0.5980525224274406 0.6745446956521739 0.5915229472295515 0.6781580096618357 0.5879993839050132 0.6940554782608697 0.5865466846965699 0.7302386666666666 0.5870477955145119 0.754454724637681 0.5842423588390501 0.7784594396135266 0.5841923786279684 0.802640270531401 0.5902961385224275 0.8050457439613526
3 0.6649351121372032 0.7150957101449276 0.6687927493403694 0.7153422801932368 0.6747712321899736 0.7116937391304348 0.6826200052770449 0.6920420579710145 0.6855507189973614 0.6740913574879227 0.6848408126649076 0.6397852753623189 0.6816677664907651 0.6194291062801932 0.6773925369393139 0.5990024879227053 0.6731090857519789 0.6047747053140097 0.6707294643799473 0.6227606280193236 0.6677569907651715 0.6386933188405798 0.6609268812664908 0.6543794396135266 0.6572280593667547 0.6884037294685991 0.6595077189973615 0.7187794734299517 0.6649351121372032 0.7150957101449276
3 0.797246290237467 0.5663565362318841 0.8057714327176781 0.5527940917874397 0.8098358984168865 0.5408074057971014 0.8090026820580475 0.5227705893719806 0.8071823720316623 0.5145928985507247 0.7986236926121372 0.49993849758454106 0.7942149643799472 0.4996567004830918 0.7912424920844326 0.5155893913043478 0.790474382585752 0.5316629855072463 0.7888128878627968 0.5577561497584541 0.797246290237467 0.5663565362318841
3 0.8260638905013192 0.5448481980676328 0.8348122216358839 0.5465889661835749 0.8400725765171503 0.5348331787439614 0.8470697229551452 0.527219077294686 0.8466521319261214 0.5070390289855072 0.8457252071240106 0.48884176328502416 0.8411076833773087 0.4784699420289855 0.833901740105541 0.47599401932367147 0.8285578667546174 0.4837137922705314 0.8254183575197889 0.4915744685990338 0.8213854617414248 0.5094547149758454 0.821210203166227 0.5275815362318841 0.8198910039577837 0.5436199033816425 0.8260638905013192 0.5448481980676328
3 0.8619991622691292 0.5039893043478261 0.8662826121372031 0.4982170821256039 0.8715847269129287 0.4884793043478261 0.8753170870712401 0.4826718599033817 0.880068110817942 0.47289885507246376 0.8831658601583113 0.4630201787439614 0.8817296055408971 0.44680569082125604 0.8779637084432718 0.42439628985507244 0.8731373878627968 0.40393444444444443 0.8673341635883905 0.38945616908212566 0.8616062348284961 0.40521273913043476 0.8599865 0.4333239082125604 0.8587508179419525 0.4533982850241546 0.8569640461741425 0.4734374347826087 0.8552607915567283 0.49751259420289856 0.8619991622691292 0.5039893043478261
3 0.9178866807387863 0.4309787391304348 0.9227212216358839 0.42524174396135267 0.9291255184696571 0.4155744154589372 0.939813265171504 0.4001348647342995 0.9425351833773088 0.3720941400966184 0.9350786860158311 0.3575101884057971 0.9289749248021109 0.3551047149758454 0.9204497823218997 0.3686671594202899 0.9141290052770449 0.38237050241545895 0.9106472005277045 0.4002859758454106 0.9078417638522427 0.42429068599033815 0.9178866807387863 0.4309787391304348
3 0.972427598944591 0.3538514347826087 0.9779385092348285 0.35420368115942025 0.9850191741424802 0.3506255893719807 0.991849283641161 0.33493946376811595 0.9971096398416887 0.3231836811594203 0.9950387744063324 0.3028979565217391 0.9906800277044855 0.2784353285024155 0.9837828416886544 0.23768776328502414 0.9777626002638522 0.23931829951690822 0.9741972770448549 0.25319776328502414 0.9713918403693932 0.2772024734299517 0.9704902335092349 0.31342088888888886 0.9688287387862796 0.33951405314009664 0.972427598944591 0.3538514347826087
3 0.7493521213720317 0.618190420289855 0.7539065923482849 0.6184815314009662 0.7591009036939315 0.6097286328502415 0.7655373443271767 0.6010551256038648 0.7683163245382586 0.5754921739130435 0.7664091583113456 0.5632570579710146 0.7602674406332455 0.5462088309178744 0.754822135883905 0.5428324734299517 0.7484170699208442 0.5530221400966183 0.7459893839050132 0.5755792415458937 0.7428966609498681 0.5859806231884058 0.7446721530343008 0.6118346859903382 0.7493521213720317 0.618190420289855
3 0.3094806464379947 0.8625399855072463 0.3132697810026385 0.8658104782608695 0.3195117981530343 0.8677236038647343 0.3262306068601583 0.8726955120772948 0.3297059973614776 0.8608044347826087 0.3290409604221636 0.8486487149758455 0.32410999736147755 0.8301637246376812 0.32074108311345645 0.807236115942029 0.31525768733509235 0.7896035603864734 0.3100747110817942 0.7965879420289855 0.30786218865435355 0.8183935314009663 0.3069327770448549 0.8378425748792271 0.30742598416886546 0.8549439951690821 0.3094806464379947 0.8625399855072463
3 0.1498686926121372 0.7000843671497584 0.15397490237467018 0.7003468260869565 0.15976610422163587 0.6994656183574879 0.16124366358839048 0.6882977777777778 0.1589831253298153 0.6781423671497585 0.15601228891820582 0.6666901980676329 0.15504269920844327 0.6528632077294686 0.15407311081794195 0.6390362222222222 0.1525539036939314 0.6151631835748792 0.1487898773087071 0.6149225942028985 0.14636355408970975 0.6297838888888888 0.14617184036939312 0.6535475700483092 0.14435209762532983 0.664693541062802 0.1449225395778364 0.6922600289855072 0.1498686926121372 0.7000843671497584
3 0.13761213060686017 0.6692681980676329 0.14171834036939313 0.6695306570048309 0.1428796437994723 0.6595939661835749 0.14327879155672824 0.645854463768116 0.14307135883905012 0.6358302850241546 0.1415989050131926 0.6307307101449275 0.13640917941952507 0.6441640096618357 0.13537752110817944 0.6603658115942028 0.13761213060686017 0.6692681980676329
3 0.13269701187335092 0.6464294685990338 0.13422642875989446 0.6377676666666667 0.1343871081794195 0.62901838647343 0.13586466622691293 0.6178505410628019 0.13346937730870712 0.6176974396135266 0.12949281266490764 0.6237000917874396 0.12706648944591029 0.63856138647343 0.13269701187335092 0.6464294685990338
3 0.22839012796833774 0.7780852367149759 0.232109345646438 0.7803913285024155 0.23509153562005278 0.7743768309178745 0.23509575593667548 0.7609326811594204 0.23599122295514513 0.7496138743961352 0.23690812005277045 0.7393306183574879 0.23362592216358838 0.7308473429951692 0.22994956332453828 0.7306123574879227 0.2272287401055409 0.7356093816425121 0.22583196569920846 0.7499987053140096 0.22602060817941952 0.7727628502415459 0.22839012796833774 0.7780852367149759
3 0.2196276451187335 0.7640807391304348 0.2232182875989446 0.760173502415459 0.2236981649076517 0.7560674299516907 0.22400661081794196 0.7436769178743962 0.22383517810026388 0.7353924734299517 0.22240398416886545 0.7208223913043479 0.21977309630606862 0.7165174879227053 0.21568114643799474 0.7234952415458937 0.2142200857519789 0.7347778985507247 0.2148886055408971 0.7534359758454106 0.2196276451187335 0.7640807391304348
3 0.2468962783641161 0.7989176328502415 0.25102686675461744 0.8074551400966183 0.2629900501319261 0.812356541062802 0.2702999102902374 0.8107553961352657 0.27528310817941953 0.8059029806763286 0.2743532203166227 0.7882623864734299 0.2718122678100264 0.7746555555555555 0.2675316754617414 0.7588691642512077 0.2641381134564644 0.7586522560386474 0.26226568073878626 0.7637035024154589 0.2608689063324538 0.7780928260869565 0.25786528627968336 0.7830717729468599 0.2554529089709763 0.7756782801932367 0.2531518944591029 0.7600184154589372 0.2506067229551451 0.7598557342995168 0.24705893931398418 0.7658340821256039 0.24520793535620053 0.7719208888888889 0.24448389973614776 0.7915241400966183 0.2468962783641161 0.7989176328502415
3 0.18458677308707125 0.7330284589371981 0.19557150659630607 0.7443296376811595 0.20490006992084434 0.7555249565217391 0.21006300659630606 0.7452558985507246 0.20888980343007915 0.7285252463768115 0.207428055408971 0.7178327536231883 0.20449838126649075 0.7161313429951691 0.19969291556728233 0.7037109758454106 0.19743445514511873 0.6944817149758453 0.1924345672823219 0.6926479806763285 0.18966176385224276 0.6985273574879227 0.18567820712401054 0.7058434927536231 0.18019534960422165 0.7206345603864734 0.18458677308707125 0.7330284589371981
3 0.7082950751978891 0.669900541062802 0.7138059854881267 0.6702527874396135 0.721093085751979 0.6597258212560386 0.7297313100263852 0.6419567198067633 0.7399484366754617 0.6279527874396136 0.738991889182058 0.6059061690821256 0.7356822348284962 0.5910376376811595 0.7297842216358839 0.5961570193236715 0.7214951372031663 0.6066199420289855 0.7161740422163588 0.6154404444444445 0.7092740448548813 0.6204957874396136 0.7037631345646438 0.6201435410628019 0.6984420382585752 0.6289640483091787 0.6990494445910289 0.6583168454106281 0.7082950751978891 0.669900541062802