3 0.4775899262948207 0.30145485503685504 0.49497330079681273 0.2976992481572482 0.5130105498007969 0.29583208353808355 0.5272681035856573 0.2922335724815725 0.5402816972111554 0.2838943194103194 0.5459910597609562 0.2682369434889435 0.5468841135458167 0.2547429287469288 0.5462142589641434 0.2413274619164619 0.5425461633466135 0.22614137346437346 0.5362147549800796 0.21589240294840295 0.5265661613545817 0.20869210073710073 0.5177628087649402 0.2004886683046683 0.5085767211155379 0.1980683832923833 0.4998531394422311 0.20042811547911546 0.49334634262948207 0.204597742014742 0.48652059760956173 0.21358666093366094 0.47943969521912355 0.22643101228501228 0.4761384880478088 0.24100670761670762 0.4710192111553785 0.2595163832923833 0.46771800199203184 0.2740920810810811 0.4640340577689243 0.2944509262899263 0.4775899262948207 0.30145485503685504
3 0.9257060179282869 0.16721848402948403 0.9339844900398406 0.15981586486486488 0.9408421354581673 0.1524846511056511 0.9417119920318725 0.13934113022113023 0.93791343625498 0.13254547665847666 0.9363621015936254 0.12389024078624078 0.9333319482071714 0.1161826461916462 0.9322010756972112 0.11187287960687961 0.9262132888446215 0.10606057002457002 0.9196455956175298 0.10901060933660933 0.9145712470119521 0.12149212039312039 0.9096128804780877 0.1322211597051597 0.9064958007968128 0.14722426044226045 0.9043356235059761 0.16916583292383292 0.9257060179282869 0.16721848402948403
3 0.8269296135458167 0.19401577886977886 0.8443854701195219 0.18702524324324327 0.8498802788844622 0.17888920393120394 0.8541282330677291 0.16819586732186734 0.8468935896414342 0.15982626044226045 0.8411957549800796 0.14963277886977885 0.8352659581673307 0.14294423587223587 0.8268569780876494 0.1416202113022113 0.8202892868525896 0.1445702506142506 0.8121267948207171 0.15022040049140048 0.8026159940239044 0.16554483783783785 0.8003833007968127 0.17788353316953318 0.8050227788844622 0.1933701277641278 0.8269296135458167 0.19401577886977886
3 0.7681103346613546 0.2161849533169533 0.7799408725099602 0.20860381326781327 0.7875089322709163 0.20123689680589682 0.788146826693227 0.19159831449631448 0.7851166752988048 0.18389072235872236 0.783449358565737 0.17698795577395576 0.7737355338645419 0.17398286977886976 0.7693570717131474 0.17594956265356268 0.7632098406374502 0.18324507125307124 0.7568306454183267 0.19404551842751844 0.7553663545816733 0.20547227272727275 0.7583385179282869 0.21405610073710074 0.7681103346613546 0.2161849533169533
3 0.3472375956175299 0.31701957493857497 0.35503383067729083 0.3164174226044226 0.3628483784860558 0.3160246781326781 0.3668222051792829 0.30816221867321864 0.3670818047808765 0.29485223095823093 0.36470407569721114 0.28798516707616706 0.3603110876494024 0.2794727469287469 0.354627780876494 0.27975837837837836 0.3485965298804781 0.28530141769041767 0.3428117689243028 0.297818628992629 0.34046309163346616 0.3119097936117936 0.3472375956175299 0.31701957493857497
3 0.3887693924302789 0.315665542997543 0.40055968924302787 0.31435123587223585 0.41611232669322706 0.30923908108108106 0.42574585458167336 0.3051461597051597 0.4346364780876494 0.29459480343980343 0.434085280876494 0.2852397248157248 0.4297238147410358 0.28040665847665847 0.4224267549800797 0.2757211253071253 0.41611222908366535 0.2738732235872236 0.40578372709163346 0.2707835503685504 0.39991254183266933 0.2710786216216216 0.39154910358565737 0.2736642063882064 0.38592955378486055 0.2789988992628993 0.38124461155378486 0.2878953832923833 0.37695508366533864 0.29965900245700244 0.37555322111553785 0.31199924570024573 0.3887693924302789 0.315665542997543
3 0.1962423406374502 0.2892539189189189 0.19893830278884464 0.29272718673218673 0.20711003585657373 0.29303824570024567 0.21786987450199202 0.28961046928746925 0.2233456454183267 0.2864482604422604 0.22676049800796813 0.2790591154791155 0.22249488446215138 0.2727777248157248 0.22008647808764942 0.2649594914004914 0.21753429482071715 0.25931373955773956 0.21048887250996015 0.2596678255528255 0.20325174501992033 0.26291855773955775 0.19694922509960158 0.26973107862407864 0.1942772749003984 0.2835786584766585 0.1962423406374502 0.2892539189189189
3 0.03892154382470119 0.24302909582309581 0.04758454183266932 0.2447589705159705 0.05869186852589642 0.24492249140049138 0.06567736055776893 0.2366321425061425 0.06688751792828686 0.22718854054054055 0.06619253984063746 0.22000594594594597 0.06305323705179283 0.2143897027027027 0.06240618725099601 0.20648294594594596 0.05794887051792829 0.20309820147420146 0.04963335856573706 0.20495962407862406 0.04269579282868526 0.21252581572481571 0.03723202788844621 0.22434844717444719 0.034608003984063745 0.2374718673218673 0.03892154382470119 0.24302909582309581
3 0.5844334023904382 0.2669199434889435 0.589770842629482 0.26665169533169536 0.5975918147410358 0.26100952334152333 0.5994871175298805 0.24844763882063883 0.5955221474103586 0.24405394103194103 0.5916007470119521 0.23900191400491402 0.5857186474103585 0.23142387469287468 0.5792701494023904 0.23240410073710074 0.5754141474103586 0.24243997297297296 0.5724077888446215 0.25571383292383293 0.5734861912350597 0.2635332972972973 0.5844334023904382 0.2669199434889435
3 0.6910187768924303 0.23991062653562653 0.6988942310756971 0.2414832407862408 0.7077391215139441 0.23644574447174446 0.7139588605577689 0.23088404668304668 0.7144381215139443 0.22364243734643732 0.7123357988047809 0.2152182972972973 0.7097433027888446 0.2061626511056511 0.7011489123505976 0.1993770638820639 0.6941231015936254 0.20104244226044227 0.6882192609561752 0.20986895577395576 0.6841889820717132 0.22253814004914008 0.6831433227091633 0.23833801474201474 0.6910187768924303 0.23991062653562653
3 0.15475272509960158 0.27447094103194103 0.161070515936255 0.2754656977886978 0.16548209163346614 0.2811492285012285 0.17344468525896414 0.28140518427518424 0.18318278685258962 0.2789473538083538 0.1857098844621514 0.27291510073710074 0.18618914541832668 0.2656734914004914 0.1844462908366534 0.25985583783783783 0.18069916733067728 0.2521704987714988 0.17522010557768924 0.24654061916461917 0.16619002390438248 0.24633831203931203 0.1632925438247012 0.24189096314496317 0.15657171513944224 0.2389480466830467 0.1504391155378486 0.24319308845208845 0.1471604262948207 0.2525438058968059 0.14406692828685258 0.2671343243243243 0.15475272509960158 0.27447094103194103