3 0.4899558884462151 0.3804123267813268 0.5072297609561753 0.37937593857493856 0.5252305099601593 0.3803515945945946 0.5393785637450199 0.3789778992628992 0.5521001513944223 0.3726162604422605 0.5572255039840637 0.357700488943489 0.5576075498007969 0.3442064742014742 0.556426687250996 0.3305438058968059 0.5521745816733068 0.314616113022113 0.5454416673306772 0.3032547321867322 0.5355010677290837 0.29444762162162164 0.5263692111553785 0.2847609754299754 0.5170736215139443 0.2808574815724816 0.5084230418326693 0.28185760442260444 0.5020622470119522 0.28503842506142507 0.49556500796812747 0.29303853562653565 0.48895861155378484 0.30489407862407863 0.4862049123505976 0.31909897297297296 0.48177914741035854 0.3369906437346437 0.4790254482071713 0.3511955380835381 0.476108015936255 0.3711835798525799 0.4899558884462151 0.3804123267813268
3 0.933827296812749 0.31588012285012285 0.941840310756972 0.30971351105651107 0.9484324960159363 0.30339357985257986 0.9488046195219123 0.29025005896805894 0.9447406035856575 0.28278021621621624 0.9428574462151394 0.273787886977887 0.9395286513944222 0.26551847174447174 0.9382318665338645 0.2609839754299754 0.9320118027888447 0.2541603882063882 0.9255436573705179 0.25609914742014744 0.9209338625498008 0.26790646928746925 0.9163736832669322 0.27796132186732186 0.9138207031872511 0.29262733169533167 0.9124900856573706 0.31445654054054056 0.933827296812749 0.31588012285012285
3 0.8358804521912351 0.3272834889434889 0.8531040318725099 0.32298970024570023 0.8583001992031872 0.3156402113022113 0.8621499641434263 0.30550869778869777 0.8545835 0.29590308353808353 0.8484874760956176 0.28469832186732186 0.8422922211155378 0.2769984963144963 0.8338168764940239 0.27432610073710073 0.8273487310756973 0.2762648599508599 0.8193853346613545 0.280679 0.8104386334661354 0.29465506388206386 0.8086704920318725 0.3067690294840295 0.8139072529880478 0.32315454054054055 0.8358804521912351 0.3272834889434889
3 0.7777911852589641 0.3403511425061425 0.789356264940239 0.33456783538083534 0.7966588645418327 0.32832456265356263 0.7969317549800796 0.3186859803439804 0.7936029601593626 0.3104165651105651 0.7916701852589642 0.3031767051597052 0.7818236314741036 0.2985985184275184 0.7775115338645419 0.29989102457002453 0.7716297609561753 0.30628761670761667 0.7656487549800797 0.3161891498771499 0.7646158346613546 0.32750354054054054 0.7679198207171315 0.33664919164619167 0.7777911852589641 0.3403511425061425
3 0.35994603187250995 0.3754541867321867 0.36773427689243027 0.3760829385749386 0.3755488247011952 0.3769262039312039 0.3792315 0.36961179606879613 0.37898587450199206 0.35620321375921377 0.37634268525896414 0.34888669287469287 0.3716178745019921 0.3395877199017199 0.3659345657370518 0.33897443488943485 0.3601024103585657 0.34361856019656023 0.3547822011952191 0.3553492211302211 0.3529644442231076 0.369215656019656 0.35994603187250995 0.3754541867321867
3 0.4015056892430279 0.3806768452088452 0.41326856175298804 0.381219800982801 0.4286566613545817 0.37852208845208846 0.43815306972111556 0.3759149778869779 0.44665976693227094 0.36666370515970514 0.4457520637450199 0.3571229017199017 0.44119863346613547 0.3515469287469287 0.4337096115537849 0.34565417444717444 0.42731281474103583 0.34278477641277644 0.4168471952191235 0.3380235675675676 0.41097600996015937 0.3373900073710074 0.4026948426294821 0.3386755085995086 0.39726725697211157 0.34317443243243245 0.39291139442231077 0.35142087223587226 0.389060641434263 0.36262731203931203 0.3881249780876494 0.3748746928746929 0.4015056892430279 0.3806768452088452
3 0.20760746613545816 0.3234346461916462 0.21044054581673308 0.327372230958231 0.218639703187251 0.32898337346437345 0.22928984661354582 0.3272271351351351 0.23465592430278884 0.3249006953316953 0.2377965438247012 0.3179758648648649 0.23328411752988049 0.31095157002457 0.23057405378486057 0.30266901965601967 0.22780248207171316 0.2965589533169533 0.22075705976095616 0.29579868304668305 0.21362962749003986 0.29793505405405407 0.20757391832669322 0.30381894594594594 0.20542301195219126 0.3173879361179361 0.20760746613545816 0.3234346461916462
3 0.048229910358565733 0.25175823341523346 0.0569751812749004 0.2548810565110565 0.06810993027888446 0.2568089778869779 0.07479376294820718 0.24954012285012286 0.07564741633466136 0.24018938574938575 0.07467820517928286 0.2328210638820639 0.07131951593625498 0.22664764127764128 0.07037080677290836 0.2185551597051597 0.06577637250996016 0.2144275085995086 0.05751570717131474 0.21498884766584767 0.0508523764940239 0.221533542997543 0.04582738645418327 0.2326132702702703 0.04369698406374502 0.24545810073710075 0.048229910358565733 0.25175823341523346
3 0.5956912151394422 0.362470285012285 0.6010286573705179 0.3630462481572482 0.6086501852589642 0.3585859705159705 0.6100718087649403 0.34619292874692875 0.605932326693227 0.3411238624078624 0.6018114840637451 0.3353964668304668 0.595630219123506 0.32680537346437344 0.5892066513944223 0.3267725479115479 0.5857246055776892 0.33630189189189186 0.5832168545816733 0.3492380687960688 0.584594422310757 0.357310796068796 0.5956912151394422 0.362470285012285
3 0.7014538864541832 0.35209191891891894 0.7094041334661355 0.35493084766584765 0.7180745099601594 0.35124408845208843 0.7240948047808765 0.3466110221130221 0.7242998326693227 0.3393694127764128 0.7218734143426294 0.3305231670761671 0.7189318924302789 0.32096099508599507 0.7100632689243027 0.3127402506142506 0.7030873187250997 0.3133081547911548 0.6975075737051792 0.321290457002457 0.6939509721115538 0.3334531154791155 0.6935036414342629 0.3492529901719902 0.7014538864541832 0.35209191891891894
3 0.1654769342629482 0.30191219164619165 0.1718445876494024 0.30392000245700246 0.1764805358565737 0.31036332186732185 0.1844680577689243 0.3118855945945946 0.1941313685258964 0.3109473415233415 0.19643409362549802 0.305252773955774 0.19663912151394422 0.2980111646191646 0.19467189243027888 0.2918558255528255 0.19062560557768923 0.2834951179361179 0.18492216932270916 0.27693660687960686 0.17586715737051795 0.2752991425061425 0.17279516334661355 0.2703452678132678 0.16594968326693227 0.26630487714987716 0.1599666653386454 0.2696212874692875 0.15703700199203188 0.27854989926289925 0.15449197410358564 0.2928027321867322 0.1654769342629482 0.30191219164619165