3 0.540483735059761 0.27101209476309224 0.545264422310757 0.270803102244389 0.5514654103585658 0.26753900997506236 0.5548035478087648 0.2655972718204489 0.5528578964143427 0.2584991097256858 0.5480660836653386 0.25631418204488776 0.5480382709163346 0.25032938154613465 0.5451698565737052 0.2504547780548628 0.5404114203187251 0.2554516109725686 0.5404420139442231 0.2620348927680798 0.5380711394422311 0.26632875062344136 0.540483735059761 0.27101209476309224
3 0.4936715557768924 0.2715764264339152 0.5015735199203187 0.27123098254364086 0.5059195996015936 0.27104098753117206 0.5106538824701196 0.26934988528678305 0.5169754521912351 0.26907353117206984 0.5244823187250995 0.2687453591022444 0.5280290079681275 0.26661146134663344 0.5276017290836653 0.25970416957605985 0.5240297549800796 0.2563973391521197 0.5208528784860558 0.25307323441396506 0.5161162988047808 0.25426972568578554 0.5129647071713147 0.25638634912718206 0.5066408386454183 0.2561680922693267 0.5046492569721115 0.2527921720698254 0.5022602788844621 0.2489389127182045 0.4979141992031873 0.24912890773067334 0.4943767051792829 0.2532412493765586 0.4916431972111554 0.26028672069825437 0.4908851812749004 0.26724582793017454 0.4936715557768924 0.2715764264339152
3 0.22406554980079682 0.2809173017456359 0.2275373565737052 0.27967715960099754 0.23622193227091634 0.27766495261845386 0.23967603984063746 0.2726163017456359 0.23921361752988046 0.2666505012468828 0.23787439442231076 0.2590904788029925 0.23524399203187252 0.2543078204488778 0.22828014940239044 0.2524355187032419 0.22308255378486055 0.2564720224438903 0.2205077749003984 0.26365896508728176 0.22013890836653385 0.2778238603491272 0.22406554980079682 0.2809173017456359
3 0.2413765438247012 0.2643792119700748 0.24226346015936256 0.26814972319201996 0.245331 0.27345745386533665 0.25141551195219125 0.273191463840399 0.25400293227091636 0.2687248827930175 0.25527894223107567 0.26268308478802993 0.254821577689243 0.2578054264339152 0.25263336653386453 0.25463598753117206 0.24914639043824702 0.25261169077306733 0.2465437988047809 0.25381383541147134 0.24351671314741036 0.2572112668329177 0.2413765438247012 0.2643792119700748
3 0.20884668525896416 0.27995006234413966 0.21362737250996017 0.2797410698254364 0.21622743625498006 0.277994855361596 0.2188123266932271 0.2729842019950125 0.21877945617529881 0.2659112543640898 0.2187541733067729 0.26047052618453864 0.21872888844621513 0.25502979800498754 0.21654573306772906 0.25294850374064837 0.21392544422310758 0.25034213715710724 0.21089077290836655 0.25210735162094766 0.2082881812749004 0.25330949376558604 0.20788138645418325 0.25931329426433913 0.2057361613545817 0.26539309226932667 0.20532683665338647 0.2708528204488778 0.20884668525896416 0.27995006234413966
3 0.2596427211155378 0.26630159850374063 0.2596604203187251 0.2701101097256858 0.2640140856573705 0.2715523341645885 0.2692167390438247 0.2686039750623441 0.27093747211155383 0.2647194688279302 0.2700404422310757 0.2587726658354115 0.26871386254980084 0.25393300748129677 0.26521677091633467 0.24973242144638405 0.26173737848605577 0.24934034413965087 0.2587330498007968 0.2576344314214464 0.2596427211155378 0.26630159850374063
3 0.4356280119521912 0.26982935910224437 0.44040591832669324 0.2690218827930175 0.45283848804780874 0.2690769800498753 0.458564187250996 0.2664322668329177 0.46524602589641434 0.2637457556109726 0.46614653585657373 0.25173435411471323 0.46038746015936255 0.2471973042394015 0.4555984282868526 0.2456108578553616 0.45081496015936257 0.24522137157107232 0.447932641434263 0.24235436907730673 0.44552282669322707 0.23826950374064837 0.4421735637450199 0.237817319201995 0.4383629203187251 0.24097691521197007 0.4345606215139442 0.24593195261845385 0.4302580019920319 0.24612004738154616 0.4245406454183267 0.25056019950124686 0.4245740219123506 0.25774196009975064 0.4250882470119522 0.2655013042394015 0.4279789103585658 0.2701637481296758 0.4356280119521912 0.26982935910224437
3 0.3663469760956175 0.28123849127182043 0.37065515737051796 0.2822473566084788 0.3768728346613546 0.28257414463840397 0.38788085856573706 0.28314755112219453 0.39384589243027884 0.27974491022443887 0.3956104920318725 0.2729311371571072 0.39545623306772903 0.2669487157107232 0.39397761952191235 0.2590795211970075 0.39298532470119524 0.25134107980049875 0.3881907310756972 0.24855767331670822 0.3819813984063745 0.2500263241895262 0.37961608764940236 0.2555171421446384 0.37724799402390435 0.2604094812967581 0.3715000438247012 0.25826635162094763 0.36624128685258966 0.258496246882793 0.3648404561752988 0.26574070573566083 0.35910362948207175 0.26599149875311723 0.3576972370517928 0.2720389975062344 0.3596401075697211 0.278538680798005 0.3663469760956175 0.28123849127182043
3 0.3347888745019921 0.2814208902743142 0.34148183665338644 0.28112829925187033 0.34815811155378484 0.277244825436409 0.3481275179282869 0.27066154613466337 0.3476188545816733 0.2640991620947631 0.34426124701195215 0.2618515386533666 0.3395028107569721 0.2668483740648379 0.33665664741035856 0.27176161097256857 0.3337882350597609 0.27188700748129674 0.33044175298804784 0.2720333017456359 0.3299914980079681 0.27803900249376556 0.3347888745019921 0.2814208902743142
3 0.17966816135458166 0.29266234413965087 0.18491161952191235 0.28914081047381546 0.18593583665338645 0.28316987780548625 0.18590830079681275 0.2772449251870324 0.1827316314741036 0.2727745635910224 0.17799874900398407 0.2729814688279302 0.1743390358565737 0.27775069077306735 0.17174331274900398 0.28510724688279304 0.17229672310756972 0.2910092094763092 0.17966816135458166 0.29266234413965087
3 0.03831910557768924 0.2891651920199501 0.04187499003984064 0.2890097431421446 0.044617691235059764 0.2839427206982544 0.045380302788844626 0.27797283541147133 0.04496221912350598 0.27304399251870326 0.0413925438247012 0.27023177057356607 0.0370556593625498 0.2724002119700748 0.035512043824701196 0.2803830872817955 0.03514682669322709 0.2868303117206983 0.03831910557768924 0.2891651920199501
3 0.023693577689243028 0.2883204289276808 0.027249462151394423 0.28816498004987534 0.03159324302788844 0.2874803740648379 0.033536553784860555 0.2804694488778055 0.033520462151394426 0.2770071670822943 0.0327003844621514 0.2706117605985037 0.02913760557768924 0.26928337406483793 0.024800719123505975 0.2714518154613466 0.0224508187250996 0.27600695511221945 0.021692802788844622 0.2829660623441397 0.023693577689243028 0.2883204289276808
3 0.013790838645418328 0.2833115062344139 0.016570318725099602 0.28615827182044884 0.018538912350597608 0.28458807481296755 0.019301525896414342 0.27861818952618456 0.01769354980079681 0.2727519401496259 0.013345171314741036 0.2724473216957606 0.011394966135458167 0.2779744114713217 0.013790838645418328 0.2833115062344139
3 0.07707320517928286 0.29489169077306737 0.08299967928286853 0.29463260598503743 0.08892385258964144 0.2938789127182045 0.09246134661354583 0.2897665685785536 0.09124387250996015 0.2828938204488778 0.08925458964143426 0.28001251371571073 0.08489011952191235 0.27624561346633414 0.08172933466135458 0.2763837905236908 0.07699735059760957 0.27856950374064837 0.07385725298804781 0.28315918703241894 0.07309694023904383 0.2896236832917706 0.07707320517928286 0.29489169077306737
3 0.0936512390438247 0.29070397506234413 0.09643301593625497 0.29404535162094764 0.10077909561752989 0.29385535660847883 0.1055202749003984 0.29364808977556106 0.11104705179282869 0.29241705486284286 0.11736862151394421 0.2921407007481297 0.12210979880478087 0.291933433915212 0.12524989840637452 0.2873437506234414 0.1236511155378486 0.2834559451371571 0.12048113545816733 0.2816156783042394 0.1161258625498008 0.27982722443890273 0.1113800876494024 0.2790452693266833 0.10663890836653388 0.279252536159601 0.10308302589641434 0.2794079850374065 0.10031733864541834 0.2795288902743142 0.09440465737051792 0.2827556433915212 0.0936512390438247 0.29070397506234413
3 0.12882646812749002 0.2916398054862843 0.13121544621513945 0.2954930648379052 0.13595892231075699 0.2957804114713217 0.14069320517928285 0.29408930922693266 0.14305000199203186 0.29101800498753116 0.14303161354581673 0.2870611122194514 0.14183022908366533 0.28365064837905235 0.13708445418326692 0.2828686907730673 0.1331334721115538 0.28304141396508725 0.12919168525896413 0.28519258104738154 0.12882646812749002 0.2916398054862843
3 0.14502089641434263 0.28994242144638405 0.14582718326693228 0.2933701596009975 0.1521487529880478 0.2930938029925187 0.1572850298804781 0.2928692643391521 0.161631109561753 0.29267926932668326 0.16557059760956175 0.29003348877805485 0.16713490039840637 0.2865021197007481 0.16473672908366535 0.2806704114713217 0.16156904780876494 0.27932475561097253 0.1592099501992032 0.2819014463840399 0.15686234860557768 0.2869511970074813 0.15486846812749006 0.2830806633416459 0.15288838047808764 0.2821778029925187 0.146571406374502 0.2834433815461347 0.14502089641434263 0.28994242144638405
3 0.047071426294820716 0.28339706234413964 0.047086053784860554 0.2865445910224439 0.04710486055776893 0.2905914139650873 0.05035001992031873 0.2931479775561097 0.05466853984063745 0.29475813965087283 0.060778782868525894 0.29539050124688276 0.06580730478087649 0.2951706708229426 0.06866611752988047 0.2918975261845387 0.07006731474103585 0.2841907206982544 0.0693280577689243 0.27972565336658356 0.06751752988047809 0.27665663591022444 0.06462528087649402 0.27273542892768077 0.061027211155378486 0.27154350872817956 0.05709085657370518 0.2748637605985037 0.055311673306772904 0.2785394463840399 0.049926059760956175 0.27922462344139654 0.047071426294820716 0.28339706234413964
3 0.004362121513944223 0.2838732543640898 0.006547802788844622 0.2864986209476309 0.011333547808764942 0.2873777730673317 0.011318376494023905 0.2841133341645885 0.010431462151394422 0.280342825436409 0.008662689243027889 0.2738899476309227 0.006489649402390439 0.2739849451371571 0.004321665338645418 0.27516808728179554 0.002163796812749004 0.27852752119700747 0.004362121513944223 0.2838732543640898
3 0.1932363047808765 0.2901256059850374 0.19796828884462153 0.2879398927680798 0.2019054780876494 0.2847995012468828 0.20267039043824703 0.27932422693266834 0.20068110756972113 0.27644291770573565 0.19831051792828686 0.2765465511221945 0.1955356374501992 0.27468900997506235 0.19237485059760956 0.2748271895261845 0.19080595219123506 0.2773693366583541 0.18884885059760956 0.2814125910224439 0.1888741354581673 0.286853319201995 0.1932363047808765 0.2901256059850374
3 0.613654157370518 0.27078705985037405 0.6200138864541832 0.26978472568578554 0.623461109561753 0.26456387032418954 0.6238273466135459 0.25863193765586034 0.623999187250996 0.25584865087281794 0.6187728247011952 0.25173127930174566 0.6135464641434263 0.24761390773067332 0.6095241454183267 0.2535842144638404 0.6049233625498008 0.25957980798004987 0.6049637470119522 0.26826973815461347 0.613654157370518 0.27078705985037405
3 0.5974470896414342 0.26932264588528676 0.6020646992031872 0.2669478578553616 0.6026061434262948 0.25895680049875314 0.5996969999999999 0.2554624364089776 0.5938921752988048 0.2513703516209476 0.5904281274900399 0.2529704039900249 0.5887196613545816 0.2588395561097257 0.5887600458167331 0.2675294887780549 0.5974470896414342 0.26932264588528676
3 0.5800830976095617 0.267908812967581 0.5852859003984063 0.26695705735660846 0.5864192689243029 0.2618373541147132 0.5840751274900399 0.25542105735660847 0.5817343525896415 0.24972892269326685 0.575939623505976 0.24780932418952617 0.5724755756972112 0.2494093740648379 0.5701987410358567 0.2574762992518703 0.571974515936255 0.26609036408977554 0.5800830976095617 0.267908812967581
3 0.5563593745019921 0.26749730922693266 0.558693420318725 0.27174112219451374 0.5638995876494024 0.27151352618453867 0.56851046812749 0.2676904164588529 0.5679084462151395 0.26264657855361595 0.5673030597609562 0.25687857855361595 0.564370358565737 0.2483150872817955 0.5597561155378487 0.2514140374064838 0.5568772609561753 0.2544371221945137 0.5557438924302789 0.25955682543640896 0.5563593745019921 0.26749730922693266
3 0.4027697171314741 0.2740045236907731 0.4056431593625498 0.2738789077306733 0.40851242031872514 0.2728539975062344 0.4131650458167331 0.2690526932668329 0.4127849701195219 0.264571927680798 0.4113252629482072 0.2596886184538653 0.407010922310757 0.25897774812967583 0.40305785059760957 0.2587008229426434 0.40056657569721116 0.263756855361596 0.39986702191235063 0.26783508229426434 0.39881455776892427 0.27327795012468825 0.4027697171314741 0.2740045236907731
3 0.6408280398406374 0.2704673017456359 0.6486646972111554 0.2701247132169576 0.6574752390438247 0.26851299002493767 0.6646341454183267 0.26288494014962593 0.6659155597609562 0.25751383042394016 0.6642620258964144 0.2530887356608479 0.6603285000000001 0.2499898703241895 0.6554210896414343 0.24816013715710722 0.650525077689243 0.24878302743142144 0.6466105478087649 0.24977186034912718 0.6426941195219124 0.2503519251870324 0.6391232151394423 0.2550054164588529 0.6362167629482072 0.2620829775561097 0.6372210398406374 0.2673541620947631 0.6408280398406374 0.2704673017456359
3 0.6251653964143427 0.2638633965087282 0.625454093625498 0.2679055162094763 0.6260063685258964 0.2705845336658354 0.6300589382470119 0.2714210548628429 0.6346386633466136 0.2695313715710723 0.6356992529880477 0.2654302643391521 0.6351406992031872 0.2613999426433915 0.6359298625498008 0.2569728079800499 0.6337647231075698 0.25571587780548627 0.6310645796812749 0.2554960249376559 0.6275611434262948 0.25666286533665833 0.6259514183266933 0.258760608478803 0.6251653964143427 0.2638633965087282
3 0.670369687250996 0.2660429052369077 0.6733381175298805 0.26591313715710724 0.6774939203187251 0.26573146134663345 0.6822365039840638 0.2640373940149626 0.6857882589641435 0.26165201745635913 0.6857709880478088 0.2579359251870324 0.6857537191235059 0.2542198354114713 0.683365157370518 0.25135077805486283 0.6809765976095618 0.24848172069825436 0.6774110258964143 0.24789422443890274 0.6738523625498009 0.24879316458852868 0.6691166892430278 0.25197366832917706 0.6667643944223108 0.2569084014962594 0.6673874402390438 0.26319980049875313 0.670369687250996 0.2660429052369077
3 0.6896307091633466 0.2596141221945137 0.6906503466135459 0.26083887531172073 0.6922735079681275 0.26102178304239404 0.6963272848605577 0.2605907007481297 0.6989535717131473 0.2584449650872818 0.6995500199203187 0.25588023690773065 0.6993331155378486 0.25284333167082296 0.6972866434262948 0.25110575311720695 0.694450655378486 0.24950265586034914 0.6904382071713148 0.2511265935162095 0.6875713824701196 0.25284978054862844 0.6873851494023904 0.2564120374064838 0.6896307091633466 0.2596141221945137
3 0.7371347171314742 0.2533416209476309 0.7438467888446215 0.2520587705735661 0.7481813764940238 0.24939571820448878 0.750147671314741 0.2473309102244389 0.750126984063745 0.24287940399002492 0.7457694123505976 0.2405963416458853 0.7402265438247012 0.23836509476309226 0.7343230577689244 0.24357029426433915 0.7335627430278884 0.25003479052369076 0.7371347171314742 0.2533416209476309
3 0.7824629721115537 0.2281085685785536 0.7781099960159362 0.22681472817955114 0.7729783167330677 0.22802848877805487 0.7674630338645418 0.23173258104738154 0.7646996434262948 0.23234809975062345 0.7575924741035857 0.23364822194513715 0.7536437908366533 0.23431555610972568 0.7520817868525896 0.23834153865336657 0.7521070717131474 0.2437822668329177 0.7529179561752988 0.24819922693266833 0.757666029880478 0.24947579551122195 0.7631974043824701 0.24923398503740649 0.7695074820717132 0.2464845710723192 0.7758267549800797 0.2457136034912718 0.7805610358565737 0.24402250124688277 0.7845005258964143 0.24137672069825436 0.7864392370517929 0.2333765735660848 0.7824629721115537 0.2281085685785536
3 0.7142489043824701 0.26077336159600994 0.7189693964143427 0.2561145910224439 0.7221209860557769 0.2539979650872818 0.7220934023904382 0.2480626259351621 0.7196952310756972 0.24223092019950124 0.7165183545816732 0.23890681546134662 0.7109892788844622 0.23964323690773065 0.7054716972111554 0.24285271820448875 0.7023384940239044 0.2489262369077307 0.7027496832669323 0.252371246882793 0.7035234243027889 0.2587652668329177 0.7091126294820717 0.2609979002493765 0.7142489043824701 0.26077336159600994