3 0.5362450000000001 0.293756885286783 0.5410249601593626 0.29365243640897754 0.5471971912350598 0.29052470822942644 0.5505181314741036 0.2886564264339152 0.5485060258964144 0.2815175386533666 0.5436926932270917 0.2792284314214464 0.5436092589641434 0.27324454114713215 0.540741282868526 0.2733072119700748 0.5360280697211156 0.27819877057356607 0.5361198486055777 0.2847810498753117 0.5337882729083665 0.2890219975062344 0.5362450000000001 0.293756885286783
3 0.4894261792828685 0.293297897755611 0.4973269402390438 0.29312525436408976 0.5016723565737052 0.2930303017456359 0.5063921274900398 0.2914431072319202 0.512712735059761 0.29130499251870323 0.5202184561752988 0.2911409800498753 0.5237462171314741 0.28908514463840396 0.5232546434262948 0.28217026932668327 0.5196510338645418 0.27878620448877806 0.5164424621513944 0.27539350623441394 0.511715796812749 0.2764861645885287 0.5085830737051793 0.27853336907730675 0.5022555717131474 0.2781769476309227 0.5002321135458168 0.2747583541147132 0.49780672111553786 0.270853855361596 0.4934613047808765 0.27094880798004983 0.48996112549800797 0.2749827905236908 0.48729239442231076 0.28196672319202 0.4865988545816733 0.28890749625935164 0.4894261792828685 0.293297897755611
3 0.21983851195219123 0.29674361596009974 0.22329967729083666 0.29557967331670826 0.23196775697211156 0.29375779551122194 0.2353758266932271 0.28878592269326686 0.23485785059760955 0.2828115286783042 0.23344803585657373 0.27522415461346633 0.23077252191235062 0.270385216957606 0.22378951195219124 0.2683611845386534 0.21862810557768925 0.2722830573566085 0.21611946015936254 0.27941190024937657 0.21588212749003985 0.2935651346633416 0.21983851195219123 0.29674361596009974
3 0.23700022111553784 0.2805880922693267 0.2379223984063745 0.28437702992518704 0.24104003984063746 0.289750463840399 0.24712362549800798 0.2896175261845387 0.24967019721115538 0.28520863591022444 0.25089038844621514 0.27919625935162096 0.25038758167330677 0.2743098453865337 0.2481693625498008 0.27109338154613466 0.2446626892430279 0.26899338403990025 0.24207060756972112 0.27013833665835413 0.23907432470119522 0.2734687456359102 0.23700022111553784 0.2805880922693267
3 0.20460679482071711 0.2954439850374065 0.20938675498007966 0.295339536159601 0.2119712509960159 0.2936505935162095 0.21451023705179284 0.288697710723192 0.2144116314741036 0.2816258403990025 0.2143357828685259 0.2761859426433915 0.21425993227091633 0.27074604239401495 0.2120568844621514 0.2686175586034913 0.20941170916334662 0.2659545810473815 0.20639267131474104 0.2676530199501247 0.20380058964143427 0.268797970074813 0.20344948207171315 0.2747913566084788 0.20136020916334663 0.28082272319201995 0.20100151593625498 0.28627211720698253 0.20460679482071711 0.2954439850374065
3 0.25528890039840635 0.2829092344139651 0.25534199601593627 0.2867171645885287 0.2597101673306773 0.2882541820448878 0.2648867450199203 0.2854202867830424 0.26657181673306773 0.2815743765586035 0.2656192988047809 0.27560947630922694 0.2642474083665339 0.27074205236907734 0.26071039442231075 0.2664660972568579 0.25722647609561755 0.26599806982543645 0.25429845816733065 0.2742243865336658 0.25528890039840635 0.2829092344139651
3 0.4313516613545817 0.29028261346633416 0.4361232768924303 0.28957977556109726 0.448559515936255 0.28990659600997504 0.454262093625498 0.2873877007481297 0.4609206633466135 0.28484791770573564 0.4617097868525896 0.272859246882793 0.45590708764940235 0.26819747381546133 0.4511020976095617 0.2665067581047381 0.4463137928286852 0.2660128179551122 0.44340410159362553 0.26308354114713217 0.4409557171314741 0.2589470448877806 0.43760140239043827 0.2584217680798005 0.4338191513944223 0.26149727431421443 0.43006193027888445 0.2663679451371571 0.4257599661354582 0.2664619476309227 0.42008242031872506 0.27077600997506235 0.42018254183266934 0.2779566783042394 0.4207690019920318 0.28572528927680796 0.42370372509960164 0.2904497331670823 0.4313516613545817 0.29028261346633416
3 0.3621590537848606 0.3001745735660848 0.36647770318725104 0.3012773466334165 0.37269999402390436 0.3017399501246883 0.38371614342629484 0.30255381546134663 0.3896510717131474 0.29928241645885284 0.3913528027888446 0.2925089426433915 0.3911429123505976 0.28652466832917706 0.38959079880478087 0.27862515211970074 0.38852634262948205 0.27086698753117205 0.38370466533864545 0.26797949127182047 0.3775074043824701 0.2693120523690773 0.37519251593625497 0.27474977805486284 0.37286928286852594 0.27958911471321696 0.36709995816733065 0.277320897755611 0.36184200199203187 0.2774357905236908 0.36050813545816734 0.28464779301745635 0.3547721832669323 0.28477313216957606 0.3534216294820717 0.2907883566084788 0.35542539243027893 0.297328855361596 0.3621590537848606 0.3001745735660848
3 0.3305946314741036 0.29966715960099755 0.33728657569721116 0.2995209301745636 0.3439284581673307 0.2957843665835412 0.34383668127490036 0.2892020897755611 0.34326690637450197 0.2826302543640898 0.33988756175298807 0.28030981296758106 0.33517434860557765 0.2852013740648379 0.3323731215139442 0.2900511546134663 0.3295051454183267 0.29011382543640896 0.3261591733067729 0.2901869401496259 0.3257646115537849 0.2961812743142145 0.3305946314741036 0.29966715960099755
3 0.17553899003984064 0.3075152817955112 0.1807510577689243 0.30410924937655864 0.18172004780876497 0.29816221945137156 0.18163744820717131 0.2922381670822943 0.17841843027888446 0.28769950872817956 0.17368626892430278 0.2878029127182045 0.17006994621513943 0.2924909351620948 0.16754192430278886 0.29978888778054863 0.1681503187250996 0.3057014488778055 0.17553899003984064 0.3075152817955112
3 0.034121545816733066 0.3009295486284289 0.03767688645418327 0.30085185785536156 0.04037319920318725 0.29584606982543643 0.04108052988047809 0.28989436907730676 0.040616537848605576 0.28495763840399 0.03701982270916335 0.2820681097256858 0.032701988047808765 0.2841412094763092 0.031232161354581674 0.292088319201995 0.030926764940239042 0.29852592269326683 0.034121545816733066 0.3009295486284289
3 0.01948445418326693 0.29976532917705734 0.023039794820717132 0.29968763840399004 0.027378318725099604 0.2990981496259352 0.029256972111553783 0.2921314788029925 0.029208703187251 0.2886697256857855 0.028328988047808763 0.2822580174563591 0.02475296015936255 0.28085209725685784 0.020435123505976097 0.2829251970074813 0.018126954183266934 0.28742781795511224 0.01743341434262948 0.2943685910224439 0.01948445418326693 0.29976532917705734
3 0.009532653386454183 0.29454123441396507 0.01233929282868526 0.29744802743142146 0.014293796812749004 0.29592125685785536 0.015001127490039842 0.2899695561097257 0.013338231075697211 0.28406964837905235 0.008985916334661354 0.28367006483790524 0.0070865756972111555 0.2891531271820449 0.009532653386454183 0.29454123441396507
3 0.07293869920318724 0.3075016408977556 0.07886426892430279 0.3073721596009975 0.08478294422310757 0.30674813965087283 0.0882831235059761 0.3027141596009975 0.08700147410358566 0.29581654613466335 0.08498491035856573 0.29289249127182043 0.08058432868525897 0.28903115211970076 0.07742402589641434 0.28910020947630927 0.07271115139442232 0.29118194264339153 0.06961290637450199 0.295701825436409 0.06891247011952191 0.30214806234413966 0.07293869920318724 0.3075016408977556
3 0.08948202788844621 0.3036773366583541 0.09229556175298805 0.30707866583541144 0.09664098007968128 0.306983710723192 0.10138143625498008 0.3068801246882793 0.10689817729083666 0.3057702019950125 0.11321878486055777 0.3056320872817955 0.11795924103585657 0.3055285012468828 0.12105748605577689 0.30100861845386534 0.11942216932270916 0.297086855361596 0.11623428486055777 0.2951777680798005 0.11186128486055777 0.2932945760598504 0.10710703784860558 0.29240908977556107 0.10236658167330677 0.2925126758104738 0.09881124103585658 0.29259036408977557 0.09604597410358566 0.2926507905236908 0.09016177689243028 0.29574748877805485 0.08948202788844621 0.3036773366583541
3 0.12467488645418327 0.3053817556109726 0.12710027689243028 0.3092862518703242 0.1318476294820717 0.3096772019950125 0.1365673984063745 0.3080900074812968 0.13889625498007968 0.30507099750623445 0.13884109163346614 0.30111470573566085 0.1376077091633466 0.29767884788029925 0.1328534621513944 0.29679336159601 0.12890308167330677 0.2968796832917706 0.1249802828685259 0.2989441496259352 0.12467488645418327 0.3053817556109726
3 0.1408576533864542 0.30403876309226935 0.14169599601593624 0.3074832543640898 0.14801660557768925 0.30734513965087285 0.15315209960159365 0.30723292019950127 0.157497515936255 0.3071379675810474 0.1614134203187251 0.3045789625935162 0.16294530278884461 0.301082680798005 0.16049233067729082 0.29520003740648376 0.1573113406374502 0.2937854862842893 0.15497558964143426 0.29630996009975064 0.15267431673306772 0.3013071172069825 0.15064396215139442 0.2973939875311721 0.14865498207171315 0.2964480748129676 0.14234816533864544 0.2975752618453865 0.1408576533864542 0.30403876309226935
3 0.04282248605577689 0.2953541820448878 0.042866366533864546 0.2985012294264339 0.04292278486055777 0.3025474364089776 0.04619252390438247 0.3051742817955112 0.05052710358565737 0.3068784264339152 0.05664477290836654 0.3076441770573566 0.06167252988047809 0.30753431172069823 0.06450165338645418 0.3043244837905237 0.06583158964143426 0.296650259351621 0.06505065338645419 0.29217016957605985 0.06321114541832669 0.2890623566084788 0.06028172509960159 0.2850789301745636 0.05667166533864542 0.28380866832917706 0.05276516533864541 0.2870420399002494 0.05101968725099602 0.29067790523690773 0.045639073705179285 0.2912451945137157 0.04282248605577689 0.2953541820448878
3 0 0.29464072319201995 0.00010676095617529881 0.294896753117207 0.0023173964143426294 0.29756922693266835 0.007112525896414343 0.29855275810473814 0.00706701593625498 0.2952888179551122 0.006144836653386454 0.2914998778054863 0.00431565139442231 0.2850099800498753 0.0021429422310756973 0.28505745635910223 0 0.2861852319201995 0 0.29464072319201995
3 0.1890870079681275 0.30527574812967584 0.19379988047808766 0.3031940149625935 0.19770888844621512 0.3001404763092269 0.19842311553784858 0.2946833117206983 0.19640655378486058 0.2917592543640898 0.19403632470119522 0.2918110473815461 0.1912434780876494 0.28989332668329176 0.1880831733067729 0.28996238403990027 0.18653749800796812 0.2924695960099751 0.18461747211155377 0.29646904738154617 0.1846933207171315 0.3019089476309227 0.1890870079681275 0.30527574812967584
3 0.6094319123505976 0.2951311945137157 0.6157839422310757 0.2942681197007481 0.6191835239043825 0.2891239351620948 0.6194947330677291 0.28320151371571073 0.6196407529880479 0.28042269077306736 0.6143748027888446 0.27619213216957605 0.6091088545816733 0.2719615735660848 0.6051409920318725 0.27784244638403993 0.6005947549800796 0.283735957605985 0.6007159023904383 0.29242456608478806 0.6094319123505976 0.2951311945137157
3 0.5932071215139443 0.29331291521197006 0.5978038366533864 0.29103965586034913 0.5982711593625498 0.28306246134663343 0.5953288067729083 0.27950539900249377 0.5894844820717131 0.27528747880299254 0.586034422310757 0.27681141147132166 0.5843800617529881 0.2826417306733167 0.5845012091633466 0.2913303391521197 0.5932071215139443 0.29331291521197006
3 0.5758255816733068 0.2915199127182045 0.5810208625498009 0.29068211720698256 0.5821069422310757 0.2855884862842893 0.5797025816733068 0.27912258354114716 0.5773083167330678 0.2733807331670823 0.5714942788844621 0.27133496508728183 0.568044219123506 0.27285889526184537 0.5658417709163347 0.2808740049875312 0.5676980418326694 0.2895246982543641 0.5758255816733068 0.2915199127182045
3 0.5520920099601594 0.29058998503740646 0.5544660836653387 0.2948837356608479 0.5596714601593626 0.29476999002493764 0.5642479840637451 0.29104863092269323 0.563598938247012 0.28599291521197007 0.5629397988047808 0.28021314713216955 0.5599267768924302 0.2715877306733167 0.5553401573705179 0.27458503990024935 0.5524886653386454 0.27754443391521194 0.5514025836653387 0.2826380648379052 0.5520920099601594 0.29058998503740646
3 0.39852382071713144 0.2937385336658354 0.4013968247011952 0.29367575561097253 0.4042572908366534 0.2927138179551122 0.4088757729083665 0.289015174563591 0.40845396215139446 0.2845272369077307 0.4069485059760956 0.27961326184538654 0.4026264641434263 0.27880827431421445 0.39866981673306773 0.2784450174563591 0.3962248924302789 0.28344531421446384 0.3955630577689243 0.28750721446384037 0.3945609043824701 0.2929256982543641 0.39852382071713144 0.2937385336658354
3 0.6366097231075697 0.29540545885286784 0.644445187250996 0.2952342418952618 0.6532429880478088 0.29381550124688277 0.6603514143426296 0.28834535162094765 0.6615832430278884 0.28300361596009976 0.6598881693227092 0.27854350124688276 0.6559248466135458 0.2753594463840399 0.6509991892430279 0.2734229177057357 0.6461077211155378 0.27393863591022444 0.6422013864541832 0.2748416608478803 0.6382893545816734 0.27533597506234414 0.6347607848605579 0.2799102344139651 0.6319193625498009 0.28692247132169574 0.6329728784860558 0.2922142718204489 0.6366097231075697 0.29540545885286784
3 0.6208817370517928 0.2884608902743142 0.6212080677290837 0.29250829426433916 0.6217853784860558 0.29519870074812965 0.6258467509960159 0.2961235885286783 0.6304100796812749 0.2943344837905237 0.631432828685259 0.29025760099750625 0.6308366792828685 0.2862160922693267 0.6315849023904382 0.28180732917705736 0.6294075338645418 0.2805033965087282 0.6267046613545817 0.28022458104738157 0.6232111792828685 0.2813145536159601 0.6216205398406375 0.2833765785536159 0.6208817370517928 0.2884608902743142
3 0.6661177589641435 0.29162787780548627 0.6690857370517928 0.29156302244389026 0.6732409083665338 0.29147222693266833 0.6779689521912351 0.2898822493765586 0.6814994422310757 0.2875751072319202 0.6814476354581673 0.2838595835411471 0.6813958306772908 0.28014405735660847 0.6789800019920319 0.2772235236907731 0.676564173306773 0.27430298753117205 0.6729922370517929 0.2736377082294264 0.6694410239043824 0.27445863840399004 0.664733703187251 0.277534825436409 0.6624266673306772 0.2824168902743142 0.6631083346613545 0.28872031172069823 0.6661177589641435 0.29162787780548627
3 0.6853239322709164 0.2856217157107232 0.6863552091633467 0.2868684438902743 0.6879804820717131 0.287086783042394 0.6920312828685259 0.28674441396508726 0.6946382968127489 0.2846566259351621 0.6952110637450198 0.2821055835411471 0.6949658844621515 0.2790647082294265 0.6929027450199203 0.27728284039900253 0.6900511394422311 0.27561816708229425 0.686052764940239 0.2771539900249377 0.6832012250996016 0.27881407980049877 0.6830480458167332 0.2823713640897756 0.6853239322709164 0.2856217157107232
3 0.7327817151394422 0.280389102244389 0.7394835697211155 0.2792532842892768 0.7437945099601594 0.2766856483790524 0.7457421195219124 0.27466434164588527 0.7456800597609562 0.2702135162094763 0.7413001653386454 0.2678357880299252 0.735735155378486 0.26548395511221945 0.7298785398406374 0.27055880049875314 0.7291781055776893 0.2770050374064838 0.7327817151394422 0.280389102244389
3 0.777887 0.2561531970074813 0.7735208944223108 0.25476454114713215 0.7683991932270917 0.25586583291770576 0.7629169282868526 0.2594484364089775 0.7601585577689244 0.26000339900249375 0.7530616653386454 0.26114785037406485 0.7491181792828685 0.2617287082294264 0.7475931912350597 0.26571952618453865 0.7476690418326694 0.2711594264339152 0.7485211752988048 0.27559299002493765 0.7532823187250995 0.27697301246882794 0.7588128505976096 0.2768521620947631 0.7650989800796812 0.27424136658354115 0.7714126932270916 0.2736087157107232 0.7761324621513944 0.27202152119700745 0.7800483665338644 0.2694625162094763 0.7819132290836653 0.26150677556109725 0.777887 0.2561531970074813
3 0.7099591513944223 0.28731874064837903 0.7146375478087649 0.28276432917705735 0.7177702709163346 0.2807171246882793 0.7176875258964143 0.27478268827930175 0.7152345537848606 0.26890004738154616 0.7120259820717132 0.26550734912718205 0.706502344621514 0.2661227356608479 0.7010131852589642 0.2692108054862843 0.6979356254980079 0.27521429675810477 0.6983789322709164 0.27866741895261843 0.6992122868525896 0.28507672817955115 0.704823657370518 0.2874309600997506 0.7099591513944223 0.28731874064837903