3 0.5504658107569721 0.2984963117206983 0.5552348525896414 0.2989137880299252 0.5616013505976095 0.29647139900249375 0.5650397250996017 0.29497256857855364 0.5635322888446216 0.28764130922693265 0.558896639442231 0.28483574314214466 0.5592301235059761 0.2788655187032419 0.5563686972111553 0.27861503241895264 0.5513328685258964 0.2829737306733167 0.5509660358565737 0.2895409775561097 0.5483480756972111 0.2935113940149626 0.5504658107569721 0.2984963117206983
3 0.5038571035856574 0.29293077805486284 0.5117398187250997 0.293620825436409 0.5160753127490041 0.2940003516209476 0.5208876235059761 0.2929341596009975 0.527193794820717 0.2934861970074813 0.5346823725099602 0.29414174064837906 0.5383398366533865 0.29247863591022444 0.5383315498007968 0.2855364364089776 0.5349772529880478 0.2817720673316708 0.5320170916334662 0.27804220199501245 0.527232342629482 0.2786149875311721 0.5239690139442231 0.28031259600997505 0.5176904023904383 0.27926714962593513 0.5159126494023905 0.2756407905236908 0.5137683207171315 0.2714865211970075 0.5094328266932271 0.2711069950124688 0.5056651195219123 0.2747437281795511 0.5025203207171315 0.2814099077306733 0.5013461992031872 0.2882485985037406 0.5038571035856574 0.29293077805486284
3 0.235055406374502 0.26694929675810475 0.2385844342629482 0.26616742144638406 0.2473463705179283 0.2652982319201995 0.25108761553784864 0.2607171246882793 0.2509875498007968 0.2547089501246883 0.2501113366533865 0.2469966259351621 0.24778289243027887 0.2418841820448878 0.2409673705179283 0.23910595261845388 0.23555256175298805 0.24244975311720698 0.23255714741035857 0.24927775561097257 0.23133536454183268 0.26335123690773066 0.235055406374502 0.26694929675810475
3 0.25327656374501994 0.25272772319201997 0.2539314462151394 0.25660286034912716 0.2566631235059761 0.26229600249376556 0.2627328147410359 0.2628273391521197 0.26557664342629483 0.25871307481296757 0.2672107749003984 0.252856710723192 0.2670500756972111 0.24793402992518704 0.2650642310756972 0.24448778304239402 0.2617171035856574 0.24201317206982542 0.2590551733067729 0.24287095012468826 0.2558384282868526 0.2458617680798005 0.25327656374501994 0.25272772319201997
3 0.2199721314741036 0.2639927132169576 0.22474117330677293 0.26441018952618456 0.2274334203187251 0.2630096633416459 0.23030756573705177 0.25835265087281795 0.23070168326693227 0.2512969351620948 0.23100485059760956 0.24586945885286784 0.23130801792828684 0.2404419850374065 0.2292615378486056 0.2380812319201995 0.2268118266932271 0.23513977805486283 0.22368603187250993 0.23650235162094763 0.2210241015936255 0.23736013216957608 0.22025706772908366 0.24329240149625936 0.2177558386454183 0.2490728603491272 0.21701912151394423 0.25446238403990024 0.2199721314741036 0.2639927132169576
3 0.2713340517928287 0.25703546882793016 0.2711218346613546 0.26083470074812964 0.2753663764940239 0.26284246882793016 0.2807205517928287 0.2605841645885287 0.28266696613545816 0.25693674064837907 0.28213335258964145 0.2508906134663342 0.2811055537848606 0.24589202743142147 0.27787969322709166 0.24124642643391522 0.27444161553784857 0.24040005985037408 0.2709520199203187 0.2482756034912718 0.2713340517928287 0.25703546882793016
3 0.44621350199203186 0.2835905910224439 0.4510158924302789 0.28341104738154616 0.4633820537848606 0.28509351371571073 0.46923829880478085 0.2832063990024938 0.4760483505976095 0.28140278054862844 0.47766912749003987 0.26954583042394015 0.4722130637450199 0.2642686783042394 0.46754406772908363 0.2620601321695761 0.46280837250996015 0.2610456309226933 0.46011368924302787 0.2578100324189526 0.4579626075697211 0.2534221371571072 0.4546576254980079 0.25253288029925186 0.4506756494023904 0.25518400997506235 0.4465936294820717 0.25962620448877805 0.44230149003984065 0.25925047381546135 0.43634520119521913 0.26292865586034914 0.43594501992031875 0.27009292269326685 0.4359883964143426 0.2778959600997506 0.4385830338645418 0.2829226234413965 0.44621350199203186 0.2835905910224439
3 0.3765955099601594 0.2858954613466334 0.3808209521912351 0.2874652369077307 0.386987358565737 0.28860498004987534 0.3979049262948207 0.2906176932668329 0.40404502589641433 0.288006289276808 0.40621185258964143 0.2814442643391521 0.40641938844621517 0.2754598603491272 0.40542314940239044 0.2674210573566085 0.40490287051792834 0.2595762743142145 0.40030056972111555 0.25617368329177054 0.3940341175298805 0.2568250049875312 0.3913494621513944 0.2619894663341646 0.3886981533864542 0.2665569052369077 0.3831086952191235 0.26366784289276807 0.37786274900398403 0.26320861596009976 0.37603185657370514 0.27024763840399 0.3703090059760956 0.26974666583541146 0.3685448087649402 0.2755916433915212 0.37008559362549803 0.2823258802992519 0.3765955099601594 0.2858954613466334
3 0.3451865278884462 0.28194605735660844 0.351863187250996 0.28253052867830425 0.3587399362549801 0.2795328653366584 0.3591067689243028 0.27296562094763094 0.35899669721115535 0.2663566259351621 0.35579176095617526 0.2636763042394015 0.35075593227091634 0.26803500249376555 0.347627719123506 0.2725606932668329 0.34476629282868526 0.27231020698254366 0.3414279641434263 0.272017970074813 0.3406175756972112 0.2779464463840399 0.3451865278884462 0.28194605735660844
3 0.1901745298804781 0.2728465536159601 0.1956038924302789 0.27002215710723193 0.1969832310756972 0.2642034837905237 0.19731338047808764 0.2582929625935162 0.1944225956175299 0.2534203541147132 0.18970124302788843 0.2530070523690773 0.18577229880478088 0.2572826633416459 0.18274580876494023 0.2642770199501247 0.1829402549800797 0.270233463840399 0.1901745298804781 0.2728465536159601
3 0.04975372310756972 0.25085614962593517 0.05330094422310757 0.25116667082294264 0.056335501992031876 0.24647411970074815 0.0574545 0.24062224189526185 0.057335972111553786 0.23565367082294267 0.05395411354581674 0.23238271072319203 0.04950837848605578 0.23397681047381547 0.04749086454183267 0.24173331172069826 0.04673844023904382 0.24811309725685787 0.04975372310756972 0.25085614962593517
3 0.03525338247011952 0.2480993416458853 0.03880060358565737 0.24840986284289276 0.04316365737051793 0.24829598254364088 0.045520185258964146 0.24156079800498753 0.045713109561752986 0.23810695012468827 0.04528312749003984 0.2316236583541147 0.04181858764940239 0.22983291521197008 0.03737285258964143 0.2314270174563591 0.03475999203187251 0.2356606633416459 0.03358587051792829 0.24249935411471324 0.03525338247011952 0.2480993416458853
3 0.025703157370517926 0.24180930673316708 0.028296743027888444 0.2450112643391521 0.03035010358565737 0.2437035561097257 0.03146910358565737 0.23785168079800498 0.030223288844621513 0.2317927880299252 0.02591535458167331 0.230919855361596 0.023641509960159363 0.23617481795511222 0.025703157370517926 0.24180930673316708
3 0.08796561354581674 0.2616384837905237 0.09387765139442232 0.2621560199501247 0.09981724701195219 0.26218014962593517 0.10358495418326694 0.2585434139650873 0.10278839641434263 0.2515322119700748 0.10098308167330676 0.24839925935162094 0.09686807370517928 0.24407247880299252 0.09371498804780877 0.24379646134663344 0.0888751155378486 0.2453560598503741 0.08547398406374503 0.24952070074812968 0.08432742430278883 0.2558659850374065 0.08796561354581674 0.2616384837905237
3 0.1047122390438247 0.2596337356608479 0.10727826494023905 0.26332909975062346 0.11161375896414343 0.2637086259351621 0.11634338645418327 0.2641226558603491 0.12191640836653386 0.2636188753117207 0.1282225796812749 0.2641709127182045 0.1329522091633466 0.26458494014962597 0.1363533406374502 0.26042029675810474 0.1349972828685259 0.2563350349127182 0.13195444023904382 0.2540853865336658 0.1277291892430279 0.2517322344139651 0.1230546812749004 0.250331391521197 0.11832505378486056 0.24991736408977558 0.11477783067729083 0.24960684289276808 0.11201888247011953 0.24936532668329178 0.10594148207171314 0.25180823192019947 0.1047122390438247 0.2596337356608479
3 0.139652515936255 0.2651714812967581 0.14179684462151396 0.26932575062344144 0.1464989143426295 0.27023318453865336 0.1513112250996016 0.26916699251870324 0.15384140239043825 0.26641356608478806 0.15406188844621513 0.2624663117206983 0.15307240438247013 0.25890895511221945 0.1483978984063745 0.257508114713217 0.14445653984063744 0.2571630897755611 0.14040494023904382 0.25879169326683293 0.139652515936255 0.2651714812967581
3 0.15586720318725097 0.26559926433915215 0.15646254980079682 0.26912211720698254 0.16276872111553783 0.26967415461346633 0.1678924860557769 0.27012268578553617 0.1722279780876494 0.2705022119700748 0.1763071394422311 0.26838019950124686 0.17807660756972113 0.26506436159601 0.17604251992031872 0.25893646633416456 0.1729721155378486 0.25718022693266834 0.17046949800796812 0.259440246882793 0.16782907768924302 0.2641673017456359 0.16607888446215138 0.2600475336658354 0.16416332669322709 0.25888820947630925 0.15780203386454184 0.2593229850374065 0.15586720318725097 0.26559926433915215
3 0.05880971314741036 0.2462513391521197 0.05863432868525896 0.24939119950124689 0.05840883266932271 0.2534281645885287 0.061483247011952194 0.25640176807980053 0.06568268924302789 0.2585723640897756 0.0717237689243028 0.26000268578553615 0.07674004183266933 0.26044180548628426 0.07978186852589642 0.2575528703241895 0.08164102589641434 0.2500529551122195 0.08117496812749005 0.24550470822942644 0.07955882868525897 0.24220801745635911 0.07691788247011952 0.2379201246882793 0.07340999601593626 0.23626081296758103 0.06929325298804781 0.23905565087281797 0.06730128486055778 0.24248723441396508 0.061901651394422316 0.24246529925187033 0.05880971314741036 0.2462513391521197
3 0.01628838247011952 0.2411350374064838 0.018304543824701196 0.24403853865336658 0.02301295418326693 0.24554151122194515 0.023194854581673308 0.24228502743142144 0.022539972111553785 0.23840989027431422 0.021169575697211156 0.2317451097256858 0.019001828685258966 0.23155534663341648 0.016773448207171315 0.23245107730673314 0.014423802788844621 0.23551780049875312 0.01628838247011952 0.2411350374064838
3 0.20382691035856576 0.2720937331670823 0.20866678087649404 0.27053413466334164 0.21277350199203188 0.26791871820448876 0.21386494223107572 0.262560246882793 0.21205962749003984 0.25942729426433914 0.20969481274900398 0.2592202793017456 0.20704610557768924 0.2570051371571072 0.20389301792828685 0.25672911720698255 0.20217867330677292 0.2590581421446384 0.19998750796812748 0.26283288528678306 0.1996843406374502 0.2682603591022444 0.20382691035856576 0.2720937331670823
3 0.6232785438247012 0.3078506433915212 0.6296664900398407 0.3076839102244389 0.6334112768924303 0.3029302219451372 0.6341336215139443 0.2970642917705736 0.6344725498007968 0.29431197506234413 0.6295211713147411 0.28952295760598507 0.6245697928286853 0.2847339426433915 0.6202076015936255 0.29015951371571075 0.6152683565737052 0.2955345685785536 0.6147841374501992 0.3042033316708229 0.6232785438247012 0.3078506433915212
3 0.6072420836653387 0.3042690349127182 0.6119795697211156 0.3025059650872818 0.6130004920318725 0.2946101122194514 0.6103169780876494 0.2907455536159601 0.604788547808765 0.28590602244389024 0.6012455199203187 0.2870477281795511 0.5991915438247012 0.2926753591022444 0.5987073266932271 0.30134412219451373 0.6072420836653387 0.3042690349127182
3 0.5900515139442231 0.3005863965087282 0.5952853525896413 0.30031863591022445 0.5967219223107569 0.29536288528678306 0.5947768685258964 0.28865925436408973 0.5927914661354582 0.2826780199501247 0.5871419780876495 0.2800056783042394 0.5835989501992033 0.28114738403990025 0.5808468665338645 0.2888916907730673 0.5820938107569721 0.2977119975062344 0.5900515139442231 0.3005863965087282
3 0.5664729980079681 0.29707049127182045 0.5685391055776893 0.30160693266832916 0.5737325916334661 0.3020615685785536 0.5785507828685259 0.29885370324189525 0.5782561892430279 0.2937464089775561 0.5780019482071713 0.2879167182044888 0.5756008964143425 0.2789953815461347 0.5708230577689243 0.28148084788029926 0.5677763804780876 0.28411786284289275 0.5663398107569722 0.2890736109725686 0.5664729980079681 0.29707049127182045
3 0.4132699800796813 0.2834515910224439 0.4161364203187251 0.2837025162094763 0.41905297410358566 0.2830563391521197 0.42391138247011956 0.279875680798005 0.42380362749003986 0.2753587980049875 0.4226460139442231 0.2702992668329177 0.4183964621513944 0.26902577556109725 0.4144801593625498 0.2682321995012469 0.41169641633466136 0.2729467057356608 0.4107543107569721 0.2769209401496259 0.4093787330677291 0.28220946384039897 0.4132699800796813 0.2834515910224439
3 0.6503338406374501 0.31108917456359103 0.6581514083665339 0.3117735187032419 0.6670145059760956 0.31132008229426433 0.6744767151394422 0.30664633416458853 0.6760757509960159 0.3014593266832918 0.6746976414342629 0.29683123690773067 0.6709710756972112 0.29322687032418954 0.666198984063745 0.2907602842892768 0.6612902250996016 0.2907403441396509 0.6573358864541833 0.29121372069825435 0.6534043247011951 0.2912793216957606 0.6495707211155378 0.29545117955112216 0.6462519183266932 0.3021267132169576 0.6469330079681276 0.3075133216957606 0.6503338406374501 0.31108917456359103
3 0.635149187250996 0.30245498753117206 0.6351924960159362 0.3065225935162095 0.6355803007968127 0.309265753117207 0.639561828685259 0.310630246882793 0.6442323505976095 0.3093458453865337 0.6455350418326693 0.3053960648379052 0.6452225338645418 0.3013048927680798 0.6462748486055777 0.2969945436408978 0.644196545816733 0.29545800498753116 0.6415233705179283 0.2948853466334165 0.637967296812749 0.2955900024937656 0.6362391513944222 0.29747063092269327 0.635149187250996 0.30245498753117206
3 0.6799925856573704 0.3105455211970075 0.6829537848605578 0.3108047431421446 0.6870994661354581 0.31116765087281795 0.6919202131474104 0.3100995910224439 0.6955978924302788 0.30818643391521194 0.6958049601593626 0.3044793940149626 0.6960120278884462 0.3007723566084788 0.6938087211155378 0.29759934912718206 0.6916054163346613 0.2944263416458853 0.6880933884462151 0.29337386783042396 0.6844985358565737 0.29380420947630925 0.6795949621513945 0.29635508478802997 0.6769568147410359 0.3009668578553616 0.6771970398406375 0.3073206683291771 0.6799925856573704 0.3105455211970075
3 0.6995438247011952 0.3066577556109725 0.7004843804780877 0.30801225935162097 0.7020882689243028 0.30840709725685783 0.7061474900398407 0.30850800498753117 0.7088899362549801 0.3067126059850374 0.7096381274900398 0.3042337655860349 0.7096055896414343 0.301177710723192 0.7076743565737051 0.29917752119700747 0.7049494960159362 0.2972080473815461 0.7008594103585658 0.2983017730673317 0.6979031454183267 0.29964441895261845 0.6975028904382471 0.30317145386533667 0.6995438247011952 0.3066577556109725
3 0.7471853147410358 0.30662306483790525 0.7539407430278884 0.3062227905236908 0.7584140398406374 0.3041352817955112 0.7604949601593625 0.30233416708229427 0.7607430059760956 0.29789350623441396 0.7565453167330678 0.29504694513715707 0.751165219123506 0.29209687780548627 0.744977577689243 0.2965134114713217 0.743831015936255 0.3028586957605985 0.7471853147410358 0.30662306483790525
3 0.7938062729083665 0.2874007157107232 0.7895534621513944 0.2855409675810474 0.7843745756972111 0.2860792518703242 0.7786637509960159 0.2890500673316708 0.7758772410358565 0.28930195760598504 0.7687276772908367 0.2896677281795511 0.7647587589641435 0.2898161097256858 0.7629617310756973 0.2936253566084788 0.76265856374502 0.29905283042394015 0.7631987888446214 0.3035624962593516 0.767845735059761 0.30545674563591024 0.7733636354581673 0.30593977805486283 0.7798076115537849 0.304024783042394 0.786141342629482 0.30408341396508726 0.7909536533864542 0.30301722194513714 0.7950328147410358 0.3008952119700748 0.7974444641434263 0.2931732144638404 0.7938062729083665 0.2874007157107232
3 0.7239671533864542 0.3110362144638404 0.728944826693227 0.3070095810473816 0.732208155378486 0.30531197506234414 0.7325388844621513 0.2993910922693267 0.730504796812749 0.29326319700748127 0.7275446354581674 0.2895333291770573 0.7219991752988048 0.28954370324189527 0.7163159103585658 0.2920211097256858 0.7128320976095618 0.2976659725685785 0.7130333087649402 0.3011543241895262 0.7134172729083665 0.3076301695760598 0.7188433884462151 0.31058768329177056 0.7239671533864542 0.3110362144638404