3 0.5226601075697211 0.23948843640897757 0.5274407948207172 0.23899990274314215 0.5338228386454184 0.23537240648379051 0.537269609561753 0.23323499251870325 0.5357584920318725 0.2262486433915212 0.5311115239043824 0.22434325935162094 0.5314458207171314 0.21835845635910223 0.5285774083665339 0.21865157855361594 0.5235292828685258 0.22392795511221944 0.5231615537848605 0.2305112344139651 0.5205372011952192 0.23494486284289276 0.5226601075697211 0.23948843640897757
3 0.4759375876494024 0.24278961596009976 0.4838395498007968 0.24198211970074812 0.4881856294820717 0.2415379975062344 0.4930096912350598 0.2395696633416459 0.4993312629482072 0.23892366583541147 0.5068381274900399 0.23815654613466336 0.5105045239043825 0.23581472568578554 0.5104962171314741 0.22893053615960102 0.5071337290836654 0.22583162842892768 0.5041663386454183 0.22269234663341647 0.49936990438247014 0.2241660673316708 0.49609860756972113 0.22646751122194514 0.4898046653386454 0.22661889775561098 0.4880225697211155 0.22335848877805486 0.48587300398406374 0.21964384538653364 0.4815269243027889 0.22008796758104737 0.47775001792828686 0.2244082344139651 0.47459753984063746 0.23161542144638406 0.47342055179282866 0.2386207331670823 0.4759375876494024 0.24278961596009976
3 0.20647950398406373 0.2678944987531172 0.21001714940239044 0.2664510548628429 0.21880048007968128 0.2639305910224439 0.22255086055776893 0.25867863591022444 0.2224505517928287 0.252738246882793 0.22157219920318724 0.245254463840399 0.21923806772908366 0.2406242842892768 0.21240590239043824 0.2391585885286783 0.2069778705179283 0.24350004488778054 0.20397514342629483 0.2508394663341646 0.2027503764940239 0.26502977306733166 0.20647950398406373 0.2678944987531172
3 0.22474515537848605 0.25033989526184536 0.22540163545816735 0.2540595810473816 0.22813998406374503 0.25918942394014965 0.23422449601593626 0.25856765087281797 0.2370752689243028 0.25394859351620946 0.2387133924302789 0.2478305561097257 0.23855230079681275 0.24297831421446384 0.23656160557768927 0.23993593765586033 0.23320630478087648 0.2381149451371571 0.23053787450199204 0.23946956359102242 0.2273132749003984 0.2430448877805486 0.22474515537848605 0.25033989526184536
3 0.19135939641434263 0.267816710723192 0.19614008366533864 0.26732817456359104 0.19883890438247012 0.26542948129675814 0.20172006972111553 0.2602663541147132 0.20211514940239045 0.2531934064837905 0.20241905577689243 0.2477526783042394 0.20272296414342628 0.24231195012468826 0.2006714860557769 0.24035772069825437 0.19821579282868526 0.23790382793017456 0.19508236454183267 0.23984693266832915 0.19241393426294823 0.2412015536159601 0.19164502988047807 0.24723076558603493 0.18913769123505975 0.2534376284289277 0.1883991752988048 0.25892277057356605 0.19135939641434263 0.267816710723192
3 0.24284673705179283 0.25119494264339154 0.24263400199203186 0.2550034538653366 0.24688890836653388 0.2561915486284289 0.25225615737051793 0.2529382369077307 0.2542073247011952 0.24895207980049877 0.2536724083665339 0.24305610224438903 0.2526420996015936 0.23829268329177059 0.24940836254980078 0.23429539900249377 0.245961890438247 0.23410662344139652 0.24246377290836654 0.2425786034912718 0.24284673705179283 0.25119494264339154
3 0.41815322509960157 0.24443536159600998 0.4229673426294821 0.24334834663341648 0.43536370119521917 0.24267663591022445 0.4412342450199203 0.23969647381546133 0.44806092828685257 0.23661860349127184 0.44968566135458166 0.22455129426433915 0.4442162749003984 0.2203496957605985 0.43953587649402387 0.21904279052369077 0.4347886195219124 0.21893284538653368 0.4320873545816733 0.21623356608478803 0.4299310199203187 0.2122884713216958 0.42661796812749003 0.21203196758104736 0.4226262689243028 0.2154151945137157 0.418534280876494 0.22059386533665837 0.4142316613545817 0.22103354613466333 0.4082608266932271 0.22580914962593518 0.4078596693227092 0.2329909102244389 0.4079031494023904 0.2407222992518703 0.4105041235059761 0.2452170174563591 0.41815322509960157 0.24443536159600998
3 0.3483652330677291 0.25989784289276807 0.3526009920318725 0.2606551221945137 0.3587824581673307 0.26061850623441396 0.3697266852589642 0.26054852618453866 0.37588177888446217 0.25679623940149626 0.3780538964143426 0.24987745386533664 0.378261938247012 0.24390242643391521 0.3772632669322709 0.23611753366583543 0.37674171713147414 0.228435 0.3721281792828685 0.22593113466334164 0.36584642430278885 0.22776318952618455 0.3631552131474104 0.23339377805486286 0.3604974302788844 0.2384258877805486 0.3548943227091633 0.23661820947630924 0.34963556772908366 0.23715559850374066 0.34780020318725097 0.24448392019950124 0.3420633764940239 0.2450701620947631 0.34029487250996016 0.25120152369077303 0.3418394203187251 0.25758939152119703 0.3483652330677291 0.25989784289276807
3 0.31687955378486055 0.2619252144638404 0.32357251593625497 0.2612412643391521 0.3304660577689243 0.25696643391521196 0.3308337868525897 0.25038315211970075 0.33072344621513944 0.24384872568578553 0.3275106832669322 0.24179678054862844 0.3224625577689243 0.24707315461346632 0.31932670517928285 0.25215411720698255 0.31645829282868526 0.25244723940149627 0.31311181075697214 0.2527892119700748 0.31229944422310757 0.25882286783042396 0.31687955378486055 0.2619252144638404
3 0.16148903187250996 0.2822382543640898 0.1669316533864542 0.27840922443890276 0.16831435856573707 0.2723767930174564 0.16864531474103586 0.2664518403990025 0.1657474701195219 0.2621659775561097 0.16101458964143425 0.2626496259351621 0.1570760498007968 0.26763409476309225 0.15404217131474104 0.27514439900249377 0.15423709163346613 0.2810156134663342 0.16148903187250996 0.2822382543640898
3 0.020725330677290838 0.2870035760598504 0.024281215139442234 0.2866402044887781 0.027323181274900396 0.281411463840399 0.028444914342629482 0.2753953740648379 0.02832609561752988 0.27048963092269324 0.024935980079681272 0.26788533416458854 0.02047938844621514 0.27030790523690773 0.018456948207171316 0.2783831895261845 0.017702685258964145 0.2848535162094763 0.020725330677290838 0.2870035760598504
3 0.0061895836653386455 0.287013608478803 0.009745466135458167 0.28665023690773067 0.01411917529880478 0.28571150124688277 0.016481456175298805 0.27858506483790524 0.016674852589641433 0.275122783042394 0.016243818725099602 0.2687735810473815 0.012770820717131474 0.2676531197007481 0.008314229083665338 0.2700756882793018 0.005694988047808765 0.2747694413965087 0.004518 0.28177475561097254 0.0061895836653386455 0.287013608478803
3 0 0.28462520199501246 0.0012743306772908366 0.2835815885286783 0.002396061752988048 0.2775654987531172 0.0011472051792828686 0.27179165835411473 0 0.271778246882793 0 0.28462520199501246
3 0.059030531872509964 0.2904660224438903 0.06495700597609562 0.2898603990024938 0.07091110557768925 0.2887601670822943 0.07468801195219123 0.28443990024937654 0.07388950996015936 0.27763646134663345 0.07207978685258964 0.2748706658354115 0.06795473107569722 0.2713578927680798 0.06479394422310758 0.27168089276807983 0.05994225498007968 0.27414383541147136 0.0565328187250996 0.2789183391521197 0.05538345816733068 0.28542904239401495 0.059030531872509964 0.2904660224438903
3 0.07581805179282869 0.2853079975062344 0.07839034262948207 0.28848765586034913 0.08273642231075698 0.2880435336658354 0.0874776015936255 0.28755903740648375 0.09306423107569721 0.286004566084788 0.09938580079681275 0.28535856857855363 0.10412698007968127 0.28487407231920203 0.10753641633466135 0.2800995685785536 0.10617704780876494 0.276304174563591 0.10312677490039841 0.2746487256857855 0.09889120517928288 0.2731144014962593 0.09420528486055776 0.2726096758104738 0.08946410557768925 0.27309417456359103 0.08590822310756972 0.27345754613466333 0.0831425358565737 0.27374016957605984 0.07705029482071714 0.2773134613466334 0.07581805179282869 0.2853079975062344
3 0.11084364940239044 0.28418770074812966 0.11299321314741037 0.2879023441396509 0.11770676494023904 0.2879124588528678 0.1225308266932271 0.28594412718204487 0.12506718326693228 0.28273420698254365 0.12528820717131475 0.27877731421446383 0.12429630677290837 0.2754361571072319 0.11961038446215139 0.2749314314214464 0.11565940438247012 0.2753351795511222 0.11159791035856574 0.2777173740648379 0.11084364940239044 0.28418770074812966
3 0.12709793027888447 0.2815431097256858 0.1276947310756972 0.2849246408977556 0.13401630079681276 0.2842786458852868 0.13915257768924305 0.2837537730673317 0.14349865737051792 0.28330965087281795 0.14758777888446217 0.2804328428927681 0.14936156573705178 0.27680906234413966 0.1473225139442231 0.27111597256857856 0.14424461155378485 0.26995513466334164 0.14173588247011953 0.2726704413965087 0.13908901394422313 0.27785880798004986 0.13733454780876492 0.2741037880299252 0.13541431274900398 0.27331643890274315 0.12903748605577692 0.2749516583541147 0.12709793027888447 0.2815431097256858
3 0.02980343625498008 0.2807222094763092 0.029627621513944224 0.28386973815461347 0.029401575697211156 0.28791655860349125 0.03248349800796813 0.29028410224438905 0.0366931952191235 0.29164223690773067 0.04274902589641435 0.2919175586034913 0.04777754780876494 0.2914036957605985 0.05082680278884462 0.2879625336658354 0.05269050199203187 0.2801717182044888 0.052223304780876494 0.27574865586034913 0.0506032171314741 0.27278464837905236 0.04795582270916335 0.2690314613466334 0.04443937051792829 0.26804956359102244 0.04031257370517928 0.2716008403990025 0.03831574302788845 0.2753815386533666 0.03290292430278885 0.2763817506234414 0.02980343625498008 0.2807222094763092
3 0.17517474900398408 0.27890761845386536 0.18002644023904382 0.27644467331670824 0.1841431892430279 0.2730732543640898 0.18523729282868526 0.26755177805486285 0.18342756972111554 0.2647859800498753 0.18105698007968127 0.2650282294264339 0.1784018047808765 0.2633324064837905 0.1752410199203187 0.26365540399002496 0.17352248804780876 0.2662899625935162 0.1713259721115538 0.2704487306733167 0.17102206573705178 0.27588945885286786 0.17517474900398408 0.27890761845386536
3 0.5956506414342629 0.2349857132169576 0.602054187250996 0.23361131421446385 0.6058081175298805 0.22818751122194514 0.6065322270916335 0.2222325561097257 0.6068719820717132 0.2194384663341646 0.6019085119521912 0.2156255137157107 0.5969450438247011 0.21181256359102243 0.5925722011952191 0.2180196408977556 0.5876208944223107 0.22428583042394015 0.5871354940239043 0.23297576059850375 0.5956506414342629 0.2349857132169576
3 0.5795750219123507 0.23446838902743142 0.5843240776892431 0.23182300249376558 0.5853474920318725 0.22379811970074814 0.5826574262948208 0.22047288029925188 0.5771154940239044 0.21671903990024938 0.5735638147410359 0.21852203990024938 0.5715048247011952 0.22449266583541147 0.571019422310757 0.23318259600997504 0.5795750219123507 0.23446838902743142
3 0.5623424741035857 0.2340692867830424 0.567589093625498 0.23281311221945136 0.5690291713147411 0.22762576059850373 0.5670793685258964 0.2213447630922693 0.5650891175298804 0.2157879251870324 0.5594258346613546 0.2142065710723192 0.5558741553784861 0.21600956857855363 0.5531153505976095 0.22421179052369078 0.5543653406374502 0.23272438403990026 0.5623424741035857 0.2340692867830424
3 0.5387063824701196 0.23504458852867832 0.5407775358565737 0.23915310224438904 0.545983703187251 0.2386210872817955 0.5508136593625499 0.23452738154613464 0.5505183486055777 0.22951736658354113 0.5502634860557769 0.22378319201995012 0.5478565697211155 0.21538882543640897 0.5430670637450199 0.2187583715710723 0.5400129482071713 0.22195057855361597 0.5385728705179283 0.2271379301745636 0.5387063824701196 0.23504458852867832
3 0.3851292569721116 0.2505325935162095 0.38800269920318725 0.2502389600997506 0.39092637250996015 0.24904602992518704 0.3957966454183267 0.24497169825436407 0.39568862948207173 0.24051193266832918 0.394528187250996 0.23571263341645884 0.39026825896414347 0.23525379301745636 0.3863423924302789 0.2352078927680798 0.3835518525896414 0.24041094014962594 0.3826074442231076 0.24453117206982544 0.3812285079681275 0.25003704738154614 0.3851292569721116 0.2505325935162095
3 0.6227720039840637 0.23307725436408977 0.6306086633466135 0.23227643142144638 0.6394934023904383 0.2301491970074813 0.6469738346613546 0.22410109975062345 0.6485767729083665 0.21865362094763094 0.6471952988047809 0.21432398753117204 0.6434596354581673 0.21145423940149624 0.6386758884462151 0.20991090523690772 0.6337551434262948 0.21082018703241895 0.6297911494023903 0.21203813965087281 0.6258499880478088 0.2128473216957606 0.6220070219123506 0.2177108329177057 0.6186801155378486 0.22496023192019948 0.6193628665338645 0.23017413965087283 0.6227720039840637 0.23307725436408977
3 0.6075502729083665 0.22738720947630922 0.6075936852589641 0.23141355112219453 0.6079824382470119 0.23406100997506232 0.611973689243028 0.23466084039900248 0.6166556155378486 0.2325029077306733 0.6179614880478087 0.22833868329177057 0.6176482151394421 0.22433992019950125 0.6187031015936255 0.2198654463840399 0.6166197231075696 0.218734753117207 0.6139400199203187 0.2186726932668329 0.6103752629482072 0.22004466583541146 0.6086428984063744 0.22223708478802992 0.6075502729083665 0.22738720947630922
3 0.652503173306773 0.22692461845386536 0.6554716035856574 0.22662127680798003 0.6596274083665339 0.22619659850374066 0.6644599262948206 0.22422481546134665 0.6681465876494024 0.2216311496259352 0.6683541613545816 0.21791505985037407 0.6685617330677291 0.2141989675810474 0.6663530478087649 0.21146877057356606 0.6641443605577689 0.2087385710723192 0.6606237569721115 0.20835936159600998 0.6570201254980079 0.20946659102244392 0.652104577689243 0.21292481047381545 0.6494599880478087 0.21799840149625938 0.6497008007968128 0.2242550872817955 0.652503173306773 0.22692461845386536
3 0.672102155378486 0.21936806982543638 0.6730450059760956 0.22053354613466336 0.6746528127490039 0.22062161097256858 0.6787219462151394 0.21995342394014963 0.6814710876494023 0.21765356857855364 0.6822211075697211 0.21505327182044887 0.6821884880478087 0.21202822443890276 0.6802525398406375 0.21040981047381546 0.6775210258964143 0.2089720748129676 0.673420954183267 0.21083102493765585 0.670457470119522 0.21272227680798003 0.6700562370517927 0.216296391521197 0.672102155378486 0.21936806982543638
3 0.7198599800796812 0.21031672568578555 0.72663190438247 0.20864112967581047 0.7311161235059761 0.20572394763092272 0.733202125498008 0.20354362842892768 0.7334507788844622 0.19909212219451372 0.7292428386454183 0.19706318703241896 0.7238496035856574 0.1951553765586035 0.7176468505976096 0.20070711471321695 0.7164974920318725 0.20721781546134665 0.7198599800796812 0.21031672568578555
3 0.7665947828685259 0.1824268753117207 0.7623315856573705 0.18138716209476308 0.7571400537848606 0.18290125685785538 0.7514152848605578 0.18692878802992519 0.7486219701195219 0.18770602244389029 0.7414549462151394 0.18942199251870323 0.7374763366533864 0.19032035162094763 0.7356749203187251 0.19443874314214465 0.7353710119521912 0.19987947132169576 0.7359125577689244 0.20425022693266834 0.7405708525896414 0.20524956608478803 0.7461022270916334 0.204684319201995 0.75256193625498 0.20156526184538653 0.7589111354581674 0.20042465336658352 0.7637351972111553 0.1984563216957606 0.7678243187250996 0.1955795162094763 0.7702418565737051 0.18746385536159602 0.7665947828685259 0.1824268753117207
3 0.6965851215139441 0.2190884139650873 0.7015749521912351 0.2141524114713217 0.7048462490039841 0.21185096758104738 0.7051777848605578 0.20591562593516208 0.7031387310756972 0.200222536159601 0.7001713406374502 0.1970832518703242 0.6946123386454184 0.19814311221945136 0.6889151972111554 0.20167602743142143 0.6854228764940239 0.20793436658354114 0.685624577689243 0.21135627431421447 0.6860094800796812 0.21770679800498755 0.6914488466135459 0.21961328678304237 0.6965851215139441 0.2190884139650873