3 0.5592734023904382 0.6810929821428571 0.5597137509960158 0.7023595297619047 0.5612707848605577 0.7240011488095238 0.5668063286852589 0.7315748988095239 0.5720318187250996 0.7325461130952381 0.5763333147410359 0.7304890535714286 0.5800252709163347 0.7250622142857143 0.5824708725099601 0.7147692857142857 0.5840152290836653 0.7101004047619048 0.5839970478087649 0.7054314404761906 0.5870856454183266 0.6960936726190476 0.5867852928286853 0.6918494107142857 0.5855122868525896 0.684103244047619 0.583452858565737 0.6750841904761904 0.5807265956175298 0.6680802916666666 0.5807084143426295 0.6634114047619047 0.5775470517928287 0.6540735654761904 0.5775288705179282 0.6494046785714286 0.5759481892430279 0.6447357916666666 0.5729873505976096 0.6308883988095237 0.5693615856573706 0.628038119047619 0.5666565836653387 0.6269165119047619 0.563669093625498 0.6343114880952381 0.5603579820717132 0.6458280119047619 0.5598511892430279 0.6653913988095238 0.5592734023904382 0.6810929821428571
3 0.43724751992031874 0.7909923452380954 0.4405046513944223 0.7909923452380954 0.44829902589641435 0.7851527738095238 0.45077733266932274 0.7828523392857143 0.4502002450199203 0.7715271130952381 0.44432224900398404 0.7676340654761905 0.4416900139442231 0.7608212321428571 0.4377966155378486 0.7647142797619049 0.43424788247011953 0.7734736369047619 0.4326799561752988 0.7890458214285714 0.43724751992031874 0.7909923452380954
3 0.4701142270916335 0.7832062500000001 0.47531047609561755 0.7793132083333334 0.4834419342629482 0.7763934226190476 0.4870020378486056 0.7705538511904761 0.49014189641434264 0.7625586249999999 0.48888051792828685 0.7510886130952381 0.48430158366533865 0.7462223035714286 0.48230940438247016 0.7364896845238095 0.4784008466135458 0.7364896845238095 0.4751702450199203 0.7433025178571429 0.46968239243027887 0.7559549226190476 0.466822984063745 0.7744468988095238 0.4701142270916335 0.7832062500000001
3 0.376408609561753 0.8019832857142857 0.38244768127490036 0.7942108154761904 0.38761970318725103 0.7864383452380953 0.39497448207171315 0.782552113095238 0.3957961294820717 0.7708934107142857 0.3944501553784861 0.7592347023809524 0.3909819621513944 0.7592347023809524 0.3865912310756972 0.7449851785714285 0.38095037250996017 0.7436897678571428 0.3762017848605578 0.7488714107142856 0.3714885079681275 0.7631209404761905 0.36939655577689245 0.782552113095238 0.37118614143426293 0.7968016369047619 0.376408609561753 0.8019832857142857
3 0.270027171314741 0.8164287023809523 0.27122191832669323 0.8190830535714285 0.274172609561753 0.8164287023809523 0.27653109760956174 0.8137743511904761 0.27889992031872507 0.8137743511904761 0.2824634900398406 0.8164287023809523 0.2863128266932271 0.8164287023809523 0.2880618804780877 0.8093504345238096 0.28773476892430283 0.801387380952381 0.2841643067729084 0.7969634642857143 0.2805869541832669 0.7907699821428571 0.2805559442231076 0.7828069285714285 0.2793370796812749 0.7739590952380953 0.2763691593625498 0.7721895238095238 0.275226093625498 0.7828069285714285 0.27349426892430284 0.794309113095238 0.26968972111553785 0.8058112976190476 0.270027171314741 0.8164287023809523
3 0.30524273705179283 0.81112 0.3096739422310757 0.8084656488095238 0.31588865737051797 0.8075808630952381 0.3176446015936255 0.8022721666666667 0.3176032549800797 0.7916547619047618 0.31462155378486056 0.7863460595238094 0.3104692231075697 0.7845764940476191 0.3101352211155379 0.774843875 0.3071362908366534 0.7651112559523809 0.3039067250996016 0.7721895238095238 0.3027636593625498 0.7828069285714285 0.29985086653386456 0.7951938988095238 0.30106371912350594 0.8074594404761906 0.30524273705179283 0.81112
3 0.3547138346613546 0.8031411547619048 0.3573822051792829 0.8040259345238095 0.3615207529880478 0.802256369047619 0.36476410358565736 0.7987172321428572 0.3676975677290837 0.7916389642857143 0.36737045617529884 0.7836759166666667 0.3670467888446215 0.7765976488095238 0.3658382589641434 0.7704041607142857 0.36313543426294825 0.7606715416666666 0.3592723147410359 0.7571324107142857 0.35662461752988045 0.7615563273809524 0.3551888944223107 0.7730585119047619 0.3543522669322709 0.7863302678571429 0.3520178984063745 0.7951781011904762 0.3547138346613546 0.8031411547619048
3 0.32888603187251 0.815594869047619 0.3321431613545817 0.815594869047619 0.33509385458167334 0.8129405178571428 0.3362403665338645 0.8032078988095238 0.3353210478087649 0.7952448511904762 0.33618179282868527 0.7881665833333334 0.3361438924302789 0.7784339642857143 0.3325768764940239 0.7748948273809524 0.32724702589641436 0.7748948273809524 0.32429633266932273 0.7775491785714286 0.32313603984063743 0.7837426666666667 0.3231877231075697 0.7970144166666667 0.3232359581673307 0.8094013869047619 0.32888603187251 0.815594869047619
3 0.5118430318725099 0.7572119642857142 0.5161599302788844 0.752501380952381 0.5216591673306773 0.7477907916666667 0.5271675756972112 0.7454355 0.5366125258964143 0.7419025595238095 0.5384968247011952 0.7277398035714286 0.5370657131474104 0.7131276845238096 0.533340390438247 0.711283738095238 0.5283591912350597 0.7182113392857142 0.525055591633466 0.7171099880952381 0.5222868844621514 0.7065731488095238 0.5191202250996015 0.7030402083333334 0.5128144183266933 0.7030402083333334 0.508121750996016 0.7124613869047619 0.5034841155378486 0.7360143214285715 0.5051155976095617 0.7501460833333333 0.5118430318725099 0.7572119642857142
3 0.6183283027888445 0.7280456071428572 0.6230530697211156 0.7268679583333333 0.6281581952191235 0.7221573690476191 0.6348305976095617 0.715091488095238 0.6355637928286852 0.7009597261904762 0.635128406374502 0.6903609047619048 0.6323329282868526 0.6809397321428572 0.6256146673306773 0.6762291428571429 0.6216872948207172 0.6797620833333333 0.6177828545816734 0.6891832619047619 0.6143000398406375 0.7056703154761904 0.6147491852589642 0.7198020773809524 0.6183283027888445 0.7280456071428572
3 0.5923856394422311 0.7457103095238095 0.5955477151394422 0.7480656011904762 0.600272484063745 0.7468879523809524 0.6049880816733069 0.7433550119047618 0.6077193545816733 0.7362891309523809 0.6080721952191236 0.7256903095238095 0.6056570717131474 0.7127361964285714 0.600909374501992 0.7080256071428571 0.5953917948207171 0.7080256071428571 0.5906807828685259 0.7127361964285714 0.5883619641434263 0.7245126666666666 0.5884032390438246 0.7351114880952381 0.5923856394422311 0.7457103095238095
3 0.6564930498007968 0.7115585476190477 0.6600308924302789 0.709203255952381 0.6643569621513945 0.7068479642857143 0.6706260816733067 0.6974267857142857 0.6729815876494023 0.695071494047619 0.674507593625498 0.682117380952381 0.6736780956175299 0.6715185535714285 0.67010356374502 0.6644526726190476 0.6657683207171314 0.6644526726190476 0.6618271932270917 0.6644526726190476 0.6570978386454183 0.6644526726190476 0.6543528047808765 0.6679856130952381 0.6520248147410359 0.6774067916666666 0.6485053147410359 0.6844726726190477 0.6477583625498008 0.695071494047619 0.650957125498008 0.7068479642857143 0.6564930498007968 0.7115585476190477
3 0.4044988187250996 0.794288863095238 0.4071843984063745 0.7926801666666666 0.40959766135458164 0.7902671190476189 0.4095726035856574 0.7838323273809523 0.4065708565737052 0.7733757976190476 0.4046427151394422 0.7621149166666666 0.40272396812749 0.7532670833333333 0.40056109760956177 0.7508540357142858 0.3984201513944223 0.7540714285714285 0.3981822888446215 0.7621149166666666 0.39931540637450197 0.7765931904761905 0.4004328625498008 0.7870497261904762 0.4044988187250996 0.794288863095238
3 0.41906609960159363 0.8023323452380952 0.42282841633466134 0.8007236488095237 0.42685365338645415 0.797506255952381 0.4287034900398406 0.7886584226190477 0.4278458207171315 0.7757888452380952 0.42486286653386457 0.7701584047619049 0.4205214621513944 0.7613105654761905 0.4175635657370518 0.7621149166666666 0.41515656772908366 0.7661366607142858 0.4133004661354582 0.7733757976190476 0.413078264940239 0.7854410297619048 0.41472782669322705 0.794288863095238 0.41906609960159363 0.8023323452380952