2 0.5578430382178953 0.6458280126466396 0.5572600643967116 0.6653914014022457 0.5566211320153767 0.6810929791979862 0.5569786663908399 0.7023595283006467 0.5584514240689693 0.7240011470264011 0.5639574753448967 0.7315748974244067 0.5691791834598358 0.7325461144630768 0.5734886906667122 0.7304890562331284 0.5772017794855878 0.7250622121186245 0.5796874618530273 0.714769287109375 0.58125 0.7101004028320312 0.58125 0.7054314422607422 0.5843749618530274 0.6960936737060547 0.584091135265121 0.6918494133371612 0.5828482940814013 0.6841032424208089 0.5808239870423995 0.6750841891369105 0.578125 0.6680802917480468 0.578125 0.6634114074707032 0.575 0.6540735626220703 0.575 0.6494046783447266 0.5734375 0.6447357940673828 0.5705305853762347 0.6308883970597332 0.5669159191904546 0.6280381173221395 0.5642152852253582 0.6269165127935767 0.5611989984277497 0.6343114858974052
2 0.42960730349290377 0.7890458240318562 0.4312358691385867 0.7734736344293267 0.4348187135590889 0.764714277777904 0.4387272711087278 0.7608212303772717 0.4413329761418203 0.7676340633283784 0.4471958124662786 0.7715271107290107 0.4477287975866838 0.7828523395308502 0.44524153369145913 0.7851527766312236 0.43742441859218145 0.7909923477321724 0.4341672873008158 0.7909923477321724
2 0.4638071820522435 0.7744468962794849 0.4667386002144728 0.7559549211264813 0.4722757234097944 0.7433025170744263 0.47553285470116 0.7364896841233197 0.4794414122507989 0.7364896841233197 0.4813956910256184 0.7462223026249005 0.48595567483353036 0.7510886118756909 0.4871723883407182 0.7625586234320995 0.48400139605871095 0.7705538488788526 0.4804185516382086 0.776393419979801 0.4722757234097944 0.7793132055302753 0.46706431334360926 0.7832062529309078
2 0.36808328603909746 0.7968016390512941 0.36634918933957433 0.7825521123031297 0.36851681021397825 0.7631209394647233 0.3732855761376668 0.7488714127165589 0.3780543420613553 0.7436897666263173 0.3836901563348053 0.7449851781488777 0.3880253980836131 0.7592347048970421 0.3914935914826593 0.7592347048970421 0.3927941640073016 0.7708934086000858 0.3919271156575401 0.7825521123031297 0.38455720468456683 0.7864383468708107 0.37935491458599757 0.794210816006173 0.3732855761376668 0.8019832851415357
2 0.2665517821526548 0.8058112988663453 0.27040111913335974 0.7943091133644768 0.27217773620137736 0.7828069278626086 0.2733621475800558 0.7721895258608841 0.2763231760267519 0.7739590928611716 0.2775075874054303 0.7828069278626086 0.2775075874054303 0.790769979363902 0.2810608215414656 0.7969634638649081 0.2846140556775009 0.8013873813656267 0.28491015852217055 0.8093504328669199 0.28313354145415287 0.8164287008680698 0.279284204473448 0.8164287008680698 0.2757309703374127 0.8137743503676386 0.2733621475800558 0.8137743503676386 0.27099332482269883 0.8164287008680698 0.26803229637600284 0.8190830513685008 0.2668478849973244 0.8164287008680698
2 0.2979193603621185 0.8074594416909358 0.29675427230895485 0.7951938968646205 0.29971530075565095 0.7828069278626086 0.30089971213432937 0.7721895258608841 0.30415684342569504 0.7651112578597344 0.30711787187239115 0.7748438763613152 0.3074139747170608 0.7845764948628962 0.3115594145424353 0.7863460618631835 0.31452044298913134 0.7916547628640458 0.31452044298913134 0.8022721648657704 0.3127438259211137 0.8075808658666326 0.306525666183052 0.8084656493667763 0.30208412351300784 0.8111199998672075
2 0.3489213663875768 0.7951781003276195 0.3512901891449338 0.7863302653261822 0.3521784976789426 0.7730585128240266 0.35365901190229065 0.7615563273221584 0.3563239375043171 0.7571324098214398 0.360173274485022 0.7606715438220146 0.3628382000870485 0.7704041623235954 0.3640226114657269 0.7765976468246013 0.3643187143103966 0.7836759148257512 0.36461481715506616 0.7916389663270444 0.36165378870837 0.7987172343281943 0.3583966574170044 0.802256368328769 0.35425121759162986 0.8040259353290564 0.35158629198960334 0.8031411518289127
2 0.32008403846777056 0.8094013862370326 0.32008403846777056 0.7970144172350205 0.32008403846777056 0.7837426647328649 0.32126844984644903 0.777549180231859 0.3242294782931451 0.774894829731428 0.3295593294971981 0.774894829731428 0.3331125636332334 0.7784339637320027 0.3331125636332334 0.7881665822335835 0.33222425509922454 0.7952448502347331 0.3331125636332334 0.8032079017360265 0.3319281522545549 0.8129405202376075 0.3289671238078588 0.8155948707380384 0.3257099925164932 0.8155948707380384
2 0.5021944252657261 0.7501460845865143 0.5006179737207052 0.7360143225222189 0.505347328355768 0.7124613857483933 0.5100766829908311 0.7030402110388629 0.5163824891709151 0.7030402110388629 0.519535392260957 0.7065731515549369 0.5222630677610222 0.7171099906378084 0.5255623784397957 0.718211341557129 0.5305705530761041 0.7112837389097021 0.5342886965757608 0.7131276872494268 0.5356629058937007 0.727739803418705 0.533723456166146 0.7419025567156754 0.5242647468960201 0.7454354972317491 0.5187471664884465 0.7477907909091318 0.5132295860808731 0.7525013782638968 0.5088943443320654 0.7572119656186619
2 0.6119461763138555 0.719802076892737 0.6115520634276003 0.7056703148284416 0.6150990794038975 0.6891832590867637 0.61904020826645 0.6797620843772336 0.6229813371290025 0.6762291438611596 0.6296812561953418 0.6809397312159249 0.6324400463991285 0.690360905925455 0.6328341592853838 0.7009597274736766 0.6320459335128733 0.715091489537972 0.625346014446534 0.7221573705701195 0.6202225469252157 0.7268679579248847 0.6154931922901528 0.7280456047635759
2 0.5855406129347539 0.7351114857957236 0.5855406129347539 0.7245126642475022 0.5879052902522853 0.7127361958605892 0.5926346448873484 0.7080256085058241 0.5981522252949217 0.7080256085058241 0.6028815799299848 0.7127361958605892 0.6052462572475164 0.7256903110861934 0.6048521443612611 0.7362891326344149 0.6020933541574743 0.7433550136665626 0.5973639995224113 0.7468879541826364 0.5926346448873484 0.7480656010213277 0.5894817417973064 0.7457103073439452
2 0.6482045618493385 0.7068479616671328 0.6450516587592965 0.6950714932802201 0.645839884531807 0.6844726717319987 0.6493869005081042 0.6774067906998509 0.6517515778256356 0.6679856159903207 0.6545103680294224 0.6644526754742469 0.6592397226644855 0.6644526754742469 0.663180851527038 0.6644526754742469 0.6675160932758456 0.6644526754742469 0.6710631092521429 0.6715185565063946 0.6718513350246534 0.6821173780546161 0.6702748834796325 0.6950714932802201 0.667910206162101 0.6974267869576026 0.6616043999820169 0.7068479616671328 0.6572691582332091 0.7092032553445154 0.6537221422569119 0.711558549021898
2 0.3973679834892386 0.7870497240756297 0.3962912458722581 0.7765931918012038 0.3952145082552777 0.7621149163443071 0.3954836926595228 0.7540714299793642 0.3976371678934836 0.7508540354333868 0.39979064312744444 0.7532670813428698 0.4016749339571601 0.7621149163443071 0.4035592247868757 0.7733757972552266 0.40652025323357177 0.7838323295296525 0.40652025323357177 0.7902671186216066 0.40409759359536596 0.7926801645310897 0.40140574955291497 0.7942888618040782
2 0.4116347569142287 0.7942888618040782 0.4100196504887581 0.7854410268026412 0.4102888348930031 0.7733757972552266 0.4121731257227189 0.7661366595267781 0.4145957853609248 0.7621149163443071 0.4175568138076209 0.7613105677078126 0.4218637642755425 0.7701584027092497 0.4248247927222386 0.7757888431647098 0.4256323459349739 0.7886584213486183 0.42374805510525815 0.7975062563500553 0.4197102890415817 0.8007236508960324 0.41594170738215025 0.8023323481690211