3 0.5380149203187251 0.6036264702380952 0.5377914920318726 0.6248432619047619 0.5386730398406374 0.6462799166666666 0.5439721892430279 0.6530873749999999 0.5491673665338646 0.6533318690476191 0.5535330677290837 0.6506750476190476 0.5573944083665338 0.6447314404761905 0.5601612749003985 0.6340925773809524 0.561851358565737 0.6292062261904763 0.561978906374502 0.6245372678571429 0.5653589581673307 0.6147645892857143 0.565191077689243 0.6105598333333333 0.5641598466135458 0.6029866309523809 0.5623819243027888 0.5942493035714286 0.5598742709163347 0.5876210297619048 0.5600018167330677 0.5829521488095238 0.5571319083665339 0.5740492202380952 0.5572594541832668 0.5693803333333334 0.5558244999999999 0.5649289047619048 0.5532958705179283 0.5514860714285714 0.5497590697211155 0.5491388571428572 0.5470890756972111 0.5483931071428572 0.5438707709163346 0.5562078630952381 0.540200201195219 0.5681914523809524 0.5390827908366533 0.5878359761904762 0.5380149203187251 0.6036264702380952
3 0.41255882669322713 0.7305680833333333 0.4158159581673307 0.7301147797619048 0.42379259960159366 0.7231872797619048 0.4263427071713147 0.7205406785714286 0.42611910557768923 0.709289630952381 0.42036262151394427 0.7062125297619047 0.4179430298804781 0.6997623392857143 0.41392812151394426 0.7041993511904762 0.4101059880478088 0.7134573452380952 0.4080520179282869 0.7292561845238096 0.41255882669322713 0.7305680833333333
3 0.4456685537848606 0.7182036190476191 0.45098631474103584 0.7135852857142857 0.459208906374502 0.709532238095238 0.4629512768924303 0.7031940297619047 0.46634068525896416 0.694757494047619 0.4654373107569721 0.6834568154761905 0.46101026494023906 0.6792251309523809 0.45932186454183266 0.6697644940476191 0.45541330677290837 0.6703084583333334 0.45197006175298804 0.6775745952380953 0.446087296812749 0.690997619047619 0.44265071314741034 0.7098975654761905 0.4456685537848606 0.7182036190476191
3 0.35137686254980083 0.7500320952380952 0.3576585298804781 0.7414149404761905 0.3630731513944223 0.7329184523809524 0.37054922709163346 0.7280065297619048 0.3717347689243028 0.7162271547619048 0.3707526912350598 0.7047494583333334 0.3672844980079681 0.7052321369047619 0.36333852589641435 0.6915859523809524 0.3577381015936255 0.6910748928571429 0.3528277808764941 0.6969202261904762 0.3476697450199203 0.7118334345238095 0.3449713007968127 0.7315662797619048 0.346316125498008 0.7455744702380953 0.35137686254980083 0.7500320952380952
3 0.24454454980079682 0.7792907380952381 0.2456564482071713 0.7817802559523809 0.24868999003984066 0.7787138095238094 0.2511313247011952 0.7757297797619047 0.2535001474103586 0.7754001071428572 0.25698086852589647 0.7775599464285714 0.2608302051792829 0.7770242202380951 0.262800187250996 0.7696986964285715 0.26272162151394424 0.7617768511904762 0.25928924103585654 0.7578474523809524 0.25590520119521915 0.7521484761904762 0.25612273705179284 0.7441854285714286 0.25518003187251 0.7355024285714286 0.25226734462151396 0.7341449583333334 0.25079288645418324 0.7449271964285714 0.2487020498007968 0.7566766428571429 0.24453849402390437 0.7687145476190477 0.24454454980079682 0.7792907380952381
3 0.279925812749004 0.769078113095238 0.28443986653386455 0.765805625 0.29068219721115535 0.7640554404761905 0.29260383864541833 0.7584994821428571 0.2928938864541833 0.7478820833333333 0.2900778804780877 0.7429854761904762 0.2859807828685259 0.7417928392857143 0.2859505577689243 0.7321014285714286 0.283255406374502 0.7227809047619048 0.27980491035856575 0.7303124761904762 0.2783304501992032 0.7410947202380952 0.27503103187250993 0.7538937797619047 0.27586104780876497 0.7659971785714286 0.279925812749004 0.769078113095238
3 0.32964594820717136 0.7542099107142858 0.332286703187251 0.7547238095238095 0.33648048406374503 0.7523773095238095 0.3398342988047809 0.748384875 0.34298869123505976 0.7408945119047619 0.342910125498008 0.7329726666666667 0.34280738645418324 0.7259356130952381 0.34179217131474104 0.7199069642857143 0.33939312151394424 0.7105452321428571 0.33564046812749004 0.7075418214285714 0.33285468924302786 0.712336625 0.33105995617529876 0.7240448571428572 0.3298090876494024 0.7374402380952381 0.3271985577689243 0.746617744047619 0.32964594820717136 0.7542099107142858
3 0.30342943625498003 0.7702649107142857 0.3066865677290837 0.7698116011904762 0.30972010756972107 0.7667451607142857 0.31117039641434263 0.7568477023809523 0.3104996235059761 0.7490082797619048 0.31158129681274904 0.7418063809523809 0.3118471752988048 0.7320737619047619 0.3083906235059761 0.7290291428571428 0.30306077091633465 0.7297709166666666 0.30002723107569723 0.7328373571428571 0.29867362549800797 0.7391956845238096 0.2983110657370518 0.7524674345238095 0.2979726752988048 0.7648544047619048 0.30342943625498003 0.7702649107142857
3 0.48820870119521914 0.6863877261904762 0.49267262749003987 0.6810737916666666 0.4983188924302789 0.6755953095238095 0.5039008147410359 0.672472119047619 0.5134560378486056 0.6676227857142857 0.5157823884462152 0.6531901130952381 0.5148073545816733 0.63876925 0.5111395856573705 0.6374427619047619 0.5059421613545817 0.6450673690476191 0.5026729362549801 0.6444251904761904 0.5002331095617529 0.6342679702380952 0.49717671912350603 0.6311738273809524 0.49087091235059765 0.6320514226190477 0.4858841892430279 0.6421307976190476 0.4805114123505976 0.6663419285714285 0.4817018087649403 0.6802542916666666 0.48820870119521914 0.6863877261904762
3 0.5956043207171314 0.6423857083333333 0.6003658466135458 0.6405498690476191 0.6056179980079681 0.6351262321428571 0.6125109442231076 0.6271279047619048 0.6136852250996016 0.6128864404761905 0.6135806513944223 0.6023424702380952 0.6110792310756972 0.5933052440476191 0.6045079960159362 0.5895271011904762 0.6004703545816733 0.5936085416666667 0.5962718565737052 0.6035782142857142 0.5922744442231076 0.6205589166666667 0.5922825019920318 0.6346358333333333 0.5956043207171314 0.6423857083333333
3 0.5691103027888447 0.6636705 0.5721988645418327 0.665586994047619 0.576960390438247 0.6637511488095238 0.5817862569721115 0.6595600119047619 0.5847380756972111 0.6521101845238095 0.5854217290836653 0.6414565119047619 0.5834109342629482 0.6288314940476191 0.5788102629482071 0.6247791071428571 0.5732926832669323 0.6255470000000001 0.5684346434262948 0.6309157857142857 0.5657482549800797 0.6430213511904762 0.5654587151394422 0.6536201726190476 0.5691103027888447 0.6636705
3 0.6342836673306772 0.6205782261904762 0.6378950258964143 0.6177292857142858 0.642294609561753 0.6147706428571429 0.6488577848605578 0.6044718690476191 0.6512868047808764 0.6017874821428572 0.6532171394422311 0.5886139642857143 0.6527184521912351 0.5781248452380952 0.6493644641434263 0.5715526130952381 0.6450292231075697 0.5721559583333333 0.641088093625498 0.5727044583333333 0.6363587390438247 0.5733626547619048 0.6335034342629482 0.5772795416666666 0.6308813884462151 0.5870298154761905 0.6271413466135458 0.5945893452380953 0.6260635796812748 0.605297863095238 0.6288947709163346 0.6166355357142856 0.6342836673306772 0.6205782261904762
3 0.3797072330677291 0.738424113095238 0.3824430239043825 0.7364407797619047 0.38493160358565737 0.7336905654761905 0.38510739043824704 0.7272557797619048 0.382432015936255 0.7172113392857143 0.3808553505976096 0.7062127023809524 0.3792127669322709 0.6976271071428571 0.3771252111553785 0.6955137678571428 0.37488384262948204 0.699030869047619 0.37439492629482074 0.7071118154761905 0.37507614342629486 0.721440238095238 0.37586722709163345 0.7317469226190476 0.3797072330677291 0.738424113095238
3 0.3940234581673307 0.7444445892857143 0.39783598605577686 0.7423114047619047 0.40196164541832674 0.7385320654761904 0.40408764342629483 0.7294219880952382 0.40363166334661355 0.7166647976190477 0.40082444820717134 0.7114464523809524 0.39675920517928287 0.7031980297619048 0.39377620318725104 0.7044144702380952 0.39124367729083664 0.708773380952381 0.389161625498008 0.7162747619047619 0.3885628406374502 0.7283774523809524 0.3899362410358566 0.7370005119047619 0.3940234581673307 0.7444445892857143