3 0.5522556274900399 0.6924538988095238 0.5521158266932271 0.7137431666666666 0.5530797788844621 0.7356390476190476 0.5583956095617529 0.7443420238095237 0.5635819243027888 0.7463992857142857 0.5679289561752988 0.7452455059523809 0.5717596892430279 0.7406058333333333 0.5744796015936254 0.7308560952380952 0.576147328685259 0.7265242738095238 0.5762563247011951 0.7218666904761906 0.5795916613545817 0.7132030297619047 0.5794076075697211 0.7089099464285714 0.5783486274900398 0.7009235892857143 0.5765397988047809 0.6915045654761904 0.5740108904382469 0.6839551547619047 0.5741198844621515 0.6792976428571429 0.5712204880478088 0.6693311726190476 0.5713294820717131 0.6646736607142858 0.5698797828685259 0.6596904642857142 0.5673032131474103 0.6452708809523809 0.5637638924302789 0.6416741071428571 0.5610960199203188 0.6399923214285714 0.5579144462151395 0.6467405654761905 0.554297810756972 0.6575295297619048 0.5532595537848605 0.6769237440476191 0.5522556274900399 0.6924538988095238
3 0.4275344960159363 0.7765613988095238 0.4307836932270916 0.7772403154761904 0.4387180896414343 0.7730443571428571 0.44125299800796813 0.7712679702380951 0.4409856952191235 0.7598592321428571 0.4352280239043825 0.754753625 0.43278770916334663 0.747414255952381 0.4287977908366534 0.750483125 0.4250191892430279 0.7584743392857143 0.42303106175298805 0.7736691428571428 0.4275344960159363 0.7765613988095238
3 0.46053315139442236 0.7756512976190476 0.46582274900398407 0.7728539940476191 0.4740139023904383 0.7716386011904762 0.4777243426294821 0.7665600595238096 0.4810742589641434 0.7592452678571429 0.4801282729083665 0.7475495892857142 0.47569300000000003 0.7417446547619048 0.47397068924302793 0.7316283988095238 0.4700716513944223 0.7308137023809523 0.46666341035856573 0.7369310238095238 0.4608444083665339 0.7483984523809524 0.45748843824701196 0.7662343630952381 0.46053315139442236 0.7756512976190476
3 0.3665445079681275 0.7748354404761906 0.3727805079681275 0.768346994047619 0.37815157370517927 0.7616778154761905 0.3855942549800797 0.7593372261904762 0.3867313605577689 0.7478876488095237 0.3857061254980079 0.735986255952381 0.3822463804780877 0.7352633511904761 0.37825435258964146 0.7201448988095238 0.3726625079681275 0.7176779226190476 0.36778439442231076 0.7218529464285715 0.3626945916334661 0.7350737678571428 0.3600786354581674 0.7540057916666667 0.3614758545816733 0.7685820595238094 0.3665445079681275 0.7748354404761906
3 0.2600288685258964 0.7670599047619048 0.26114843027888446 0.7699546666666667 0.2641642091633466 0.7679239761904761 0.26658922709163346 0.7657698452380953 0.26895228087649403 0.7662636011904761 0.2724348944223107 0.7696521190476191 0.2762748545816733 0.7704544702380952 0.2782123844621514 0.7637637619047618 0.2781028984063745 0.7557583869047619 0.2746615956175299 0.7506046130952381 0.2712616015936255 0.7436855833333333 0.27144749800796814 0.7357419285714285 0.2704725219123506 0.7266687738095238 0.2675600179282869 0.7242863214285714 0.2661306294820717 0.7346309821428572 0.26408982470119524 0.7457348333333333 0.2599813486055777 0.7564066488095238 0.2600288685258964 0.7670599047619048
3 0.295303203187251 0.7691087440476191 0.2997958924302789 0.7673866488095238 0.30601955976095613 0.7678001249999999 0.30791577888446214 0.7628746726190476 0.30816364143426295 0.7522831369047619 0.3053337549800797 0.7463701726190477 0.30123972509960156 0.7437408452380952 0.3011715498007968 0.7339702142857143 0.2984449402390438 0.723644113095238 0.29503050199203185 0.7300262261904762 0.2936011135458167 0.7403708869047619 0.29035812749003986 0.7521104880952381 0.29123403984063745 0.764589 0.295303203187251 0.7691087440476191
3 0.3448710517928287 0.7714675119047618 0.3475088306772908 0.7729056130952381 0.35168548207171313 0.7720044285714286 0.35501730079681276 0.7691528273809525 0.3581363565737052 0.762709 0.3580268705179283 0.754703625 0.3578967290836653 0.747580880952381 0.35685978884462155 0.7411556071428572 0.35442856175298804 0.7308912202380953 0.3506712211155379 0.7265583571428571 0.3479095119521912 0.7304160238095238 0.3461640876494024 0.7415815892857143 0.34496811752988044 0.7546358571428572 0.3423985139442231 0.7629683869047619 0.3448710517928287 0.7714675119047618
3 0.3187670557768924 0.7784972678571429 0.3220162529880478 0.7791761785714286 0.3250320338645418 0.7771454880952381 0.3264407669322709 0.7676834523809524 0.32574051792828684 0.7595546428571429 0.3267919023904382 0.7526787738095239 0.32701910956175295 0.7429698630952382 0.3235571513944223 0.7386987202380952 0.3182402828685259 0.7375877678571429 0.3152245019920319 0.7396184583333333 0.31389839043824697 0.7455499821428572 0.3135885637450199 0.7587894047619047 0.3132993924302789 0.7711461964285714 0.3187670557768924 0.7784972678571429
3 0.5028681175298805 0.7584393392857143 0.5073027669322709 0.7546438571428572 0.512916874501992 0.7510948273809523 0.5184759980079681 0.7498953452380952 0.5279941414342629 0.7483425773809523 0.5302594940239044 0.7346185833333333 0.5292297490039841 0.719755619047619 0.5255637091633466 0.7171411547619048 0.5204060099601593 0.7230079880952381 0.5171404482071713 0.7212216130952381 0.5146653964143426 0.7101418869047619 0.5116026494023904 0.7059603630952381 0.5053122051792829 0.7046459880952382 0.5003744342629481 0.7130584345238096 0.4951067629482072 0.7355682142857143 0.4963494701195219 0.7499941428571428 0.5028681175298805 0.7584393392857143
3 0.6098881792828685 0.751563380952381 0.6146335039840638 0.7513743869047619 0.6198544601593626 0.7477432023809524 0.6267030099601594 0.7420910595238095 0.6278192171314741 0.7281580178571428 0.6276734920318725 0.7175028630952381 0.625141358565737 0.7075296011904763 0.6185677270916335 0.7014339642857144 0.6145537231075697 0.7041368154761904 0.6104022589641435 0.7127135535714286 0.6064789960159362 0.728421113095238 0.6065422470119523 0.7426005952380953 0.6098881792828685 0.751563380952381
3 0.5835277111553785 0.763763255952381 0.5866179501992032 0.7667700000000001 0.5913632768924303 0.766581 0.5961635876494024 0.7640424464285713 0.5990806075697211 0.7575688214285714 0.599721189243028 0.7470779642857143 0.5976646832669322 0.733662511904762 0.5930568167330678 0.727977619047619 0.5875526752988047 0.7268275416666666 0.5827248745019921 0.7305408690476191 0.5800910378486055 0.7417957619047619 0.5798436115537849 0.7523687619047619 0.5835277111553785 0.763763255952381
3 0.6484088924302789 0.7430848928571429 0.6520022509960159 0.7414746726190476 0.6563819163346614 0.74002875 0.662892296812749 0.7319448988095237 0.6653061972111555 0.7300882321428571 0.6671812211155379 0.7174942678571428 0.6666423426294821 0.7067569642857142 0.6632689183266932 0.6989689642857143 0.6589442370517928 0.6980653273809524 0.6550127091633465 0.6972438452380952 0.6502948745019921 0.6962580595238096 0.6474603286852589 0.6992073571428572 0.6448814760956175 0.7081126904761904 0.6411781494023904 0.7144220238095238 0.6401444163346615 0.7248307321428571 0.6430147191235059 0.7372356964285715 0.6484088924302789 0.7430848928571429
3 0.3947758067729084 0.7730211011904762 0.39749864741035856 0.7719774107142857 0.39997173904382466 0.7700752202380953 0.40012195816733065 0.7636561071428571 0.39741224701195216 0.7526078511904762 0.3957954302788844 0.7409816428571429 0.3941222788844621 0.7317626011904762 0.3920303824701195 0.7289065654761905 0.38980704382470116 0.73166725 0.38935074103585654 0.7396350357142857 0.39008686454183267 0.7543024761904762 0.39091687250996016 0.7649579702380952 0.3947758067729084 0.7730211011904762
3 0.4090885816733068 0.7840748571428572 0.4128855378486056 0.7832555952380952 0.4169885776892431 0.7808876666666668 0.41907483067729084 0.772454142857143 0.4185696812749004 0.7594475892857142 0.4157473067729084 0.7532136726190476 0.4116573984063745 0.7434896547619048 0.40868480677290836 0.7436748511904762 0.4061741613545817 0.7471818214285714 0.40412546414342626 0.7540105654761905 0.4035752749003984 0.7659902916666668 0.4049798964143426 0.7751532261904762 0.4090885816733068 0.7840748571428572