3 0.5544715617529881 0.6868872857142857 0.5545804960159363 0.7081781666666667 0.555799593625498 0.7299601845238095 0.5612138326693228 0.738103505952381 0.5664210159362549 0.7396186666666666 0.5707519243027889 0.7380122738095238 0.5745261334661355 0.7329759464285714 0.5771305179282868 0.7229485059523809 0.5787466334661354 0.7184454107142857 0.5788011653386453 0.7137792916666668 0.5820332848605577 0.7047730952380953 0.5817992011952191 0.7005018214285714 0.5806475896414343 0.6926307619047619 0.5787298525896414 0.6834061011904762 0.5761143127490039 0.6761250119047618 0.5761688426294821 0.6714589702380953 0.5731548087649402 0.6618009345238095 0.5732093386454183 0.6571348928571429 0.5717023207171316 0.6523059107142858 0.568958906374502 0.6381638035714285 0.565379733067729 0.6349383154761904 0.562693844621514 0.6335357619047619 0.5595930258964144 0.6406116845238096 0.5561046015936255 0.6517712261904762 0.5552934920318725 0.6712619047619048 0.5544715617529881 0.6868872857142857
3 0.43080874103585654 0.7839498511904762 0.43406388844621513 0.7842895119047619 0.44194444621513945 0.7792686904761904 0.44445706175298805 0.7772290357142857 0.44405667529880477 0.765855125 0.4382428784860558 0.7613530535714286 0.4357183326693227 0.7542726428571429 0.43176668725099604 0.7577557202380952 0.428083719123506 0.7661361130952381 0.4262742709163347 0.781528982142857 0.43080874103585654 0.7839498511904762
3 0.4637766653386454 0.7795991011904762 0.4690303705179283 0.7762518869047619 0.47720233864541833 0.7741830357142857 0.48085120517928287 0.7687206547619048 0.4841136454183267 0.7610609761904762 0.4830316374501992 0.7494710714285715 0.47853126693227094 0.7441321964285714 0.4766918525896414 0.7342017083333333 0.47278567529880483 0.7337941130952381 0.4694509581673307 0.7402631309523809 0.4637694342629482 0.7523303988095238 0.46062382270916336 0.7705054166666666 0.4637766653386454 0.7795991011904762
3 0.3698357490039841 0.7885851607142856 0.3759921693227091 0.7814503571428572 0.38128206972111556 0.7742251309523809 0.38869288047808764 0.7711098214285714 0.38969556772908365 0.7595486369047618 0.38853195617529884 0.7477614107142857 0.38506587450199203 0.7473997380952382 0.3808997011952191 0.7327067976190476 0.37528245019920314 0.7308244583333333 0.3704560697211155 0.7355056428571428 0.36552378087649406 0.7492491904761904 0.3631305338645418 0.7684424761904761 0.3646971474103586 0.7828641607142857 0.3698357490039841 0.7885851607142856
3 0.2632941812749004 0.791922136904762 0.2644468705179283 0.794698380952381 0.2674370956175299 0.7923544345238095 0.2698354780876494 0.7899487261904762 0.2722028565737052 0.7901957559523809 0.27572292629482076 0.7932190297619047 0.2795699183266932 0.7936204523809524 0.28142812350597607 0.7867317678571429 0.28122520517928284 0.7787426904761904 0.2777258047808765 0.7739509226190476 0.27424707171314744 0.7673906666666666 0.27434007569721114 0.7594324702380952 0.27325972509960156 0.7504665119047619 0.2703211673306773 0.7483892380952382 0.26901347211155374 0.7588766547619047 0.26710359760956176 0.7701865654761905 0.26312226494023905 0.7812803214285715 0.2632941812749004 0.791922136904762
3 0.2985709581673307 0.7902912083333333 0.303040796812749 0.7881016547619049 0.3092655019920319 0.7878658571428572 0.3111030398406374 0.7827456607142858 0.31122704581673305 0.7721347261904763 0.30832982470119524 0.7665204761904763 0.30420757768924306 0.7643196845238096 0.30402532868525894 0.754562119047619 0.30117977490039843 0.7445266428571429 0.29784195816733067 0.7512609345238095 0.2965342609561753 0.7617483571428572 0.2934303625498008 0.773818994047619 0.2944514860557769 0.7861985654761904 0.2985709581673307 0.7902912083333333
3 0.3481361613545817 0.7874794583333333 0.35078912948207175 0.7886416071428572 0.35495271115537846 0.7873054166666668 0.35824919322709164 0.7841081011904762 0.36129108964143425 0.7773429345238095 0.3610881713147411 0.7693538511904763 0.3608749203187251 0.7622490178571429 0.3597635657370518 0.7559357916666667 0.35721393625498005 0.7459311964285714 0.35340827888446213 0.7419927976190477 0.35069330876494026 0.7461361130952381 0.3490793565737052 0.7574768988095238 0.34803658167330676 0.7706479345238095 0.3455658625498008 0.7792433511904762 0.3481361613545817 0.7874794583333333
3 0.32213017131474103 0.797227130952381 0.3253853187250996 0.7975667916666667 0.3283755438247012 0.7952228452380953 0.32967290637450203 0.7856196726190476 0.3288781434262948 0.7775688333333333 0.3298485816733068 0.7705875119047618 0.3299622529880478 0.7608608214285715 0.3264525199203187 0.7569533035714285 0.3211259143426295 0.7563974880952381 0.3181356892430279 0.7587414404761905 0.3168796613545817 0.764807636904762 0.31672465537848604 0.7780713035714286 0.31657998007968124 0.7904507261904763 0.32213017131474103 0.797227130952381
3 0.5058848147410359 0.7579828095238095 0.5102724342629482 0.7537271845238095 0.515841671314741 0.7495948571428571 0.5213833984063745 0.7478163869047618 0.530877609561753 0.7452719821428572 0.5329812908366534 0.7313201071428571 0.5317785816733068 0.7165735833333333 0.5280842390438247 0.7143430178571428 0.5229982051792829 0.7207441369047619 0.519713766932271 0.7192993928571428 0.5171108187250996 0.7084845238095239 0.5140010996015936 0.7046249404761905 0.5076991334661355 0.7039673511904762 0.502862625498008 0.7128895952380953 0.4978610657370518 0.7359349940476191 0.4992715039840638 0.7502225416666667 0.5058848147410359 0.7579828095238095
3 0.612759374501992 0.7399506666666666 0.6174996035856574 0.7392669285714286 0.62267496812749 0.7350935 0.6294533306772908 0.7287306130952381 0.6304061294820718 0.7146896547619048 0.6301360458167331 0.7040561904761905 0.6274889701195219 0.6943530595238095 0.6208481494023904 0.6889466547619048 0.6168681593625498 0.6920664523809523 0.6128193964143426 0.7010708928571429 0.6090819800796813 0.7171780119047619 0.6093108007968128 0.7313422619047619 0.612759374501992 0.7399506666666666
3 0.5865574561752988 0.7548920535714286 0.5896809282868526 0.7575747083333334 0.5944211573705179 0.7568909702380953 0.5991888944223107 0.7538533690476191 0.6020285298804781 0.747079488095238 0.6025461912350597 0.7365282261904762 0.6003342529880478 0.7233354047619047 0.5956627968127489 0.7181344940476191 0.5901485756972112 0.7175591071428572 0.5853670856573706 0.721773630952381 0.5828663047808765 0.7332963333333333 0.582742515936255 0.7438886964285715 0.5865574561752988 0.7548920535714286
3 0.6511575976095618 0.7274602797619047 0.6547299621513945 0.7254763154761905 0.6590900717131475 0.7235745476190476 0.6655020717131475 0.7148167023809524 0.6678928167330678 0.7127094404761904 0.6696196055776893 0.6999276130952381 0.6689556494023905 0.6892530476190476 0.6654933207171315 0.6818215773809524 0.6611607191235059 0.6813694880952381 0.6572219900398406 0.680958494047619 0.6524955179282869 0.6804653035714286 0.6496971454183267 0.6837083988095238 0.6472238725099602 0.692877238095238 0.6435964920318725 0.6995689166666667 0.6426849581673307 0.7100790833333332 0.6456983964143427 0.7221771726190477 0.6511575976095618 0.7274602797619047
3 0.3980286593625498 0.783827880952381 0.4007376533864542 0.782500880952381 0.4031870199203187 0.7803419464285714 0.40326217529880476 0.7739110773809524 0.400425077689243 0.7631521309523809 0.3986734561752988 0.7517016071428572 0.3968936513944223 0.7426626607142857 0.39476967131474106 0.7400265178571429 0.3925799302788845 0.743017380952381 0.3922169661354582 0.7510278928571429 0.3931239482071713 0.7656096369047619 0.3940779023904383 0.7761720833333333 0.3980286593625498 0.783827880952381
3 0.4124618187250996 0.7933823214285715 0.4162468944223108 0.7921676071428572 0.4203197768924303 0.7893732380952381 0.4223062589641434 0.7807272976190476 0.42164950796812745 0.7677813452380953 0.41875604382470116 0.7618455476190477 0.41455505577689244 0.7525539583333333 0.4115864362549801 0.7530490357142857 0.409118280876494 0.7568156845238094 0.40715058764940243 0.7638539107142858 0.40674065139442234 0.7758837202380953 0.40825143625498006 0.7848945952380952 0.4124618187250996 0.7933823214285715