3 0.4935645351309451 0.8935742473229468 0.49185361425209184 0.8783168587797602 0.49219579842786243 0.8630594702365737 0.49390671930671587 0.8478020816933871 0.4963020085371106 0.8380928344386319 0.4993816661190466 0.8339317284723086 0.5034878762282947 0.8339317284723086 0.5048566129313774 0.83947986976074 0.5058831654586894 0.8505761523376028 0.5069097179860015 0.8672205762028972 0.5089628230406255 0.8769298234576524 0.5082784546890842 0.890800176678731 0.5079362705133135 0.8991223886113784 0.5041722445798361 0.8991223886113784 0.5014347711736707 0.8991223886113784 0.49869729776750527 0.9005094239334859
3 0.3902249140482017 0.8838650000681915 0.388856177345119 0.8699946468471128 0.38817180899357767 0.8588983642702501 0.388856177345119 0.8450280110491714 0.39125146657551374 0.8297706225059849 0.3943311241574497 0.8228354458954454 0.39775296591515646 0.8200613752512298 0.4011748076728633 0.8256095165396613 0.4049388336063406 0.8353187637944163 0.40767630701250596 0.8450280110491714 0.4107559645944421 0.8575113289481421 0.4104137804186715 0.8783168587797602 0.40733412283673537 0.886639070712407 0.40391228107902866 0.8880261060345149 0.39912170261823915 0.8880261060345152 0.3943311241574497 0.8880261060345152
3 0.41520435887946083 0.8866390707124073 0.41554654305523153 0.8741557528134365 0.4182840164613969 0.8630594702365737 0.420337121516021 0.8616724349144657 0.42375896327372764 0.8547372583039263 0.42512769997681044 0.8450280110491714 0.4278651733829758 0.8422539404049555 0.42991827843759983 0.8394798697607398 0.4319713834922239 0.8464150463712793 0.43402448854684794 0.8533502229818185 0.43539322524993057 0.8616724349144657 0.43744633030455465 0.8755427881355443 0.43710414612878395 0.8866390707124073 0.43402448854684794 0.8908001766787308 0.43026046261337053 0.8949612826450545 0.4230745949221864 0.8921872120008386 0.4199949373402503 0.8935742473229468
3 0.3545395529096055 0.860540614091626 0.35077552697612807 0.8647017200579497 0.34666931686688 0.8647017200579497 0.34324747510917336 0.8619276494137338 0.34153655423031987 0.8549924728031946 0.3401678175272372 0.8438961902263317 0.3401678175272372 0.8355739782936843 0.34153655423031987 0.8286388016831452 0.34358965928494395 0.8203165897504978 0.34393184346071465 0.809220307173635 0.3442740276364853 0.7995110599188799 0.34769586939419206 0.788414777342017 0.35111771115189877 0.7925758833083407 0.3518020795034401 0.8022851305630955 0.35111771115189877 0.8175425191062822 0.35111771115189877 0.8300258370052529 0.35214426367921076 0.8383480489379003 0.35385518455806414 0.8480572961926552
3 0.3264804504964103 0.8369610136157922 0.3234007929144742 0.850831366836871 0.32066331950830884 0.8480572961926552 0.3199789511567675 0.8383480489379003 0.3199789511567675 0.8230906603947136 0.32100550368407954 0.809220307173635 0.3230586087387035 0.8036721658852034 0.3251117137933276 0.8119943778178508 0.3257960821448689 0.8258647310389293
3 0.5235252353706399 0.8827273301406705 0.5225903697855823 0.8751484198361402 0.5237589517669041 0.8552537802867478 0.5263298321258123 0.845780142406085 0.5298355780697779 0.8476748699822177 0.531705309239893 0.8571485078628807 0.5342761895988012 0.880832602564538 0.5321727420324217 0.8893588766571348 0.5289007124847205 0.8893588766571348 0.5256286829370191 0.8912536042332672
3 0.5450271438269625 0.8865167852929354 0.5433911290531118 0.8694642371077425 0.5450271438269625 0.852411688922549 0.5480654569783994 0.8467275061941514 0.5532072176962156 0.8467275061941514 0.5550769488663306 0.8562011440748142 0.5562455308476525 0.8694642371077425 0.5564792472439168 0.8779905112003391 0.5546095160738019 0.884622057716803 0.5504026209410431 0.8884115128690682 0.5471305913933417 0.8893588766571348
3 0.6126037028422449 0.8733396693883244 0.6098040141313938 0.8632521397729945 0.609492937607966 0.8481208453499994 0.6110483202251054 0.8304676685231721 0.6119815497953891 0.8203801389078422 0.6144701619828121 0.8115535504944286 0.617580927217091 0.8077707268886797 0.6225581515919372 0.809031668090596 0.6266021463964996 0.8165973153020935 0.6287796820604948 0.8279457861193397 0.6287796820604948 0.8455989629461671 0.6294018351073506 0.8556864925614971 0.6275353759667832 0.8695568457825756 0.6231803046387929 0.872078728186408 0.620069539404514 0.8758615517921569 0.6166476976468074 0.8758615517921569
3 0.6451111995404591 0.8611421654698023 0.6447690153646883 0.8458847769266157 0.6447690153646883 0.8292403530613215 0.6464799362435417 0.8125959291960272 0.6492174096497071 0.8084348232297036 0.6519548830558725 0.8153699998402427 0.6540079881104965 0.8264662824171058 0.6553767248135791 0.8431107062824001 0.6557189089893498 0.854206988859263 0.6526392514074137 0.8625292007919104 0.6499017780012484 0.8625292007919104
3 0.7272354017254208 0.8278533177392136 0.7275775859011914 0.8014996466191644 0.7292885067800448 0.78485522275387 0.7313416118346688 0.773758940177007 0.7351056377681461 0.773758940177007 0.7368165586469996 0.793177434686517 0.7381852953500823 0.8112088938739194 0.738527479525853 0.8209181411286743 0.7368165586469996 0.8320144237055374 0.7316837960104395 0.834788494349753
3 0.7693240553452138 0.8014996466191642 0.7686396869936722 0.7862422580759776 0.7686396869936722 0.773758940177007 0.7700084236967552 0.7585015516338205 0.7727458971029205 0.7585015516338205 0.7737724496302324 0.7709848695327912 0.7747990021575446 0.7806941167875462 0.7754833705090857 0.7890163287201934 0.7734302654544618 0.7987255759749485
3 0.7799317647941045 0.8001126112970565 0.7785630280910218 0.78485522275387 0.778220843915251 0.773758940177007 0.7792473964425632 0.764049692922252 0.7819848698487284 0.7612756222780361 0.7830114223760404 0.773758940177007 0.784722343254894 0.783468187431762 0.7843801590791233 0.7973385406528408
3 0.8418671006085965 0.7363089864800947 0.8415249164328259 0.7238256685811238 0.8415249164328259 0.7168904919705846 0.8435780214874499 0.7099553153600452 0.8452889423663033 0.7168904919705846 0.8459733107178445 0.7002460681052901 0.8459733107178445 0.6919238561726431 0.847684231596698 0.6891497855284272 0.8511060733544045 0.6919238561726431 0.8531591784090289 0.7057942093937214 0.8531591784090289 0.7238256685811238 0.8504217050028635 0.7293738098695555 0.8480264157724688 0.730760845191663
3 0.9220545715006003 0.6336699284245214 0.9220545715006003 0.6197995752034428 0.922676724547456 0.6021463983766153 0.9264096428285908 0.5907979275593692 0.9288982550160138 0.589536986357453 0.9307647141565809 0.5971026335689503 0.9320090202502926 0.6097120455881129 0.9316979437268649 0.621060516405359 0.9295204080628695 0.6324089872226052 0.9260985663051629 0.6374527520302701
3 0.8890804600172444 0.6815856940973386 0.8890804600172444 0.6664543996743438 0.890013689587528 0.6563668700590138 0.8937466078686629 0.6437574580398514 0.895924143532658 0.6588887524628463 0.8965462965795138 0.6689762820781763 0.895924143532658 0.679063811693506 0.8937466078686629 0.6828466352992548
3 0.866682950330437 0.709326400539496 0.8676161799007203 0.6954560473184173 0.868860485994432 0.6815856940973386 0.8713490981818549 0.6765419292896736 0.8738377103692783 0.6815856940973386 0.8757041695098454 0.6891513413088362 0.8763263225567012 0.6992388709241659 0.8750820164629897 0.7042826357318308 0.8719712512287109 0.709326400539496
3 0.8100670230665616 0.7736344018372242 0.809755946543134 0.7572421662123131 0.8110002526368454 0.7496765190008157 0.8134888648242683 0.7496765190008157 0.8144220943945523 0.7395889893854857 0.817221783105403 0.7332842833759046 0.8190882422459705 0.7421108717893182 0.8215768544333935 0.7521984014046481 0.8206436248631097 0.7622859310199781 0.8184660891991146 0.7698515782314757 0.8150442474414079 0.7748953430391404
3 0.6990720182056607 0.839088954783505 0.6995394509981891 0.8220364065983117 0.701876614960833 0.8030891308369857 0.7042137789234768 0.8030891308369857 0.7060835100935918 0.8106680411415161 0.707485808471178 0.8210890428102453 0.7086543904524999 0.8371942272073725 0.7070183756786492 0.8438257737238365 0.7025777641496262 0.8504573202403006 0.7002406001869822 0.8485625926641678
3 0.7147310167553738 0.8305626806909084 0.7144973003591095 0.8210890428102453 0.714263583962845 0.8116154049295824 0.714263583962845 0.8011944032608531 0.7168344643217531 0.7964575843205216 0.718704195491868 0.7992996756847206 0.7196390610769255 0.8106680411415161 0.720573926661983 0.8191943152341128 0.720573926661983 0.8277205893267093 0.7194053446806613 0.8371942272073725 0.7173018971142818 0.8381415909954387
3 0.677102676956809 0.8466678650880353 0.6747655129941653 0.8324574082670406 0.6752329457866941 0.8087733135653834 0.6773363933530735 0.8021417670489194 0.6803747065045103 0.8030891308369857 0.6831793032596829 0.8059312222011846 0.685750183618591 0.8021417670489194 0.6866850492036485 0.8097206773534498 0.6866850492036485 0.8210890428102453 0.6866850492036485 0.8362468634193061 0.6843478852410046 0.8466678650880353 0.6815432884858323 0.8485625926641678
3 0.6602750964257739 0.8495099564522345 0.6602750964257739 0.8381415909954387 0.660976245614567 0.8239311341744443 0.6630796931809464 0.820141679022179 0.6654168571435902 0.8267732255386433 0.6665854391249121 0.8381415909954387 0.665884289936119 0.8476152288761017 0.6649494243510614 0.8523520478164331 0.6630796931809464 0.8532994116044993
1 0.4503343259538026 0.3592827715542234 0.45409835188728004 0.37454016009740987 0.45560396226067096 0.3928490263492337 0.4571095726340619 0.4081064148924203 0.45748597522740975 0.4248895422899254 0.4586151830074529 0.43862119197879323 0.46012079338084383 0.45387858052197977 0.46200280634758256 0.4706617079194849 0.46313201412762584 0.4859190964626714 0.4638848193143213 0.49507352958858336 0.46426122190766905 0.5072794404231326 0.46576683228106 0.5164338735490445 0.4676488452477987 0.5332170009465497 0.46877805302784187 0.5500001283440548 0.47141287118127617 0.5652575168872412 0.4736712867413626 0.5744119500131531 0.47630610489479674 0.5866178608477024 0.48007013082827416 0.5957722939736143 0.4842105593550993 0.6003495105365702 0.4894801956619677 0.592720816264977 0.49324422159544506 0.5744119500131531 0.4996430656823566 0.5377942175095055 0.5049127019892251 0.5164338735490444 0.5075475201426592 0.5011764850058579 0.5105587408894412 0.49202205187994597 0.515075572009614 0.4752389244824408 0.5195924031297869 0.4660844913565289 0.5214744160965256 0.4538785805219797 0.5244856368433075 0.44472414739606786 0.5274968575900895 0.43862119197879323 0.5297552731501759 0.42794101999856266 0.5335192990836534 0.41878658687265075 0.5380361302038262 0.4096321537467389
3 0.28614440317372625 0.8386141674001073 0.2837491139433315 0.8178086375684893 0.2837491139433315 0.7983901430589794 0.28614440317372625 0.7859068251600083 0.290592797458745 0.7845197898379007 0.29538337591953445 0.7845197898379007 0.2994895860287825 0.7970031077368713 0.2994895860287825 0.821969743534813 0.2994895860287825 0.8386141674001073 0.2957255600953051 0.8497104499769703 0.2919615341618277 0.8497104499769703