0 0.3831627502727474 0.12284524120133251 0.3831627502727474 0.133486291672478 0.38590022367891275 0.14013694821694392 0.3865845920304542 0.1507779986880894 0.3865845920304542 0.16407931177702126 0.3882955129093075 0.16939983701259392 0.39069080213970225 0.16939983701259392 0.3913751704912435 0.16141904915923486 0.39205953884278494 0.1507779986880894 0.3941126438974089 0.1427972108347303 0.39650793312780375 0.14013694821694392 0.398218854006657 0.13215616036358482 0.39650793312780375 0.1255055038191189 0.3927439071943262 0.12417537251022571
3 0.3589856201072055 0.5756206631419799 0.35795726796364236 0.5646278424073256 0.356928915820079 0.5546343690121852 0.35641473974829746 0.5406435062589886 0.3577001799277515 0.5256532961662781 0.3592427081430964 0.5176585174501658 0.36104232439433204 0.5146604754316237 0.36258485260967693 0.5156598227711378 0.363870292789131 0.5266526435057921 0.36412738082502183 0.5366461169009326 0.36412738082502183 0.5456402429565589 0.36464155689680344 0.5546343690121852 0.36412738082502183 0.5696245791048957 0.3620706765378953 0.5706239264444097
3 0.34098945759484856 0.5596311057097554 0.34073236955895775 0.5496376323146149 0.34124654563073936 0.5376454642404466 0.34278907384608426 0.5316493802033624 0.34561704224088324 0.5306500328638484 0.34844501063568223 0.5346474222219044 0.3487020986715731 0.5446408956170449 0.34844501063568223 0.5566330636912132 0.3461312183126648 0.5606304530492694
3 0.41821924065906496 0.5633336904760714 0.4168052564616655 0.552340869741417 0.41708805330114535 0.5391494848598318 0.41878483433802477 0.5259580999782465 0.42217839641178334 0.5182631254639884 0.42557195848554225 0.5193624075374539 0.4292483173987808 0.5281566641251774 0.4306623015961803 0.5391494848598318 0.4312278952751401 0.552340869741417 0.4306623015961803 0.5589365621822098 0.42726873952242156 0.5655322546230024 0.42246119325126336 0.5677308187699333
3 0.4890895904225506 0.5400404580595216 0.48823971261795296 0.5276518546771163 0.48823971261795296 0.5160891581868712 0.48951452932484957 0.5061782754809468 0.4916392238363439 0.5028746479123054 0.49376391834783817 0.5037005548044657 0.4946137961524359 0.5103078099417486 0.4946137961524359 0.520218692647673 0.4946137961524359 0.5260000408927955 0.4946137961524359 0.5326072960300784 0.4944013267012865 0.5392145511673613 0.49291404054324045 0.5425181787360027
3 0.7279360098113237 0.46042321281845555 0.7269094572840117 0.44313150580284405 0.7269094572840117 0.4324904553316987 0.7286203781628652 0.42317953616944637 0.7334109566236545 0.4218494048605531 0.735121877502508 0.42850006140501906 0.735121877502508 0.44313150580284405 0.735121877502508 0.44978216234731005 0.7327265882721133 0.456432818891776
3 0.529392083937647 0.5369439349507569 0.5278367013205076 0.528479462985073 0.5278367013205076 0.5115505190537052 0.5306363900313587 0.5103413087728933 0.5334360787422096 0.5115505190537052 0.5356136144062047 0.5188057807385772 0.5353025378827768 0.527270252704261 0.5334360787422096 0.535734724669945
3 0.5804086337798202 0.5212242013002011 0.5791643276861087 0.5091320984920812 0.5791643276861087 0.4873663134374655 0.5800975572563923 0.4776926311909696 0.5835193990140991 0.4776926311909696 0.5856969346780942 0.48857552371827756 0.5860080112015221 0.5006676265263974 0.58631908772495 0.5115505190537052 0.5835193990140991 0.5188057807385771
3 0.2608715778008541 0.6213582020064297 0.25340574123858484 0.6274042534104896 0.2521614351448733 0.6189397814448057 0.25122820557458964 0.6032200477942499 0.2521614351448733 0.59112794498613 0.2568275829962916 0.5862911038628821 0.26056050127742625 0.592337155266942 0.2614937308477099 0.6020108375134379
3 0.27518109787853684 0.6068476786366858 0.27487002135510896 0.5862911038628821 0.27487002135510896 0.5705713702123263 0.27735863354253204 0.5572700571233944 0.28015832225338305 0.5548516365617705 0.2842023170579455 0.5669437393698903 0.28575769967508496 0.5790358421780102 0.2863798527219407 0.588709524424506 0.2832690874876619 0.6032200477942499 0.2810915518236667 0.6044292580750618 0.27829186311281573 0.6068476786366858
3 0.5542150225509187 0.5245134193102201 0.5521214032986534 0.5119523891823101 0.5531497554422168 0.4919654423920294 0.5559777238370157 0.48397066367591707 0.5590627802677054 0.48397066367591707 0.5616336606266136 0.4919654423920294 0.5639474529496309 0.5119523891823101 0.5631761888419584 0.5219458625774505 0.5600911324112686 0.5249439045959926
3 0.6281747955089334 0.4970183456020473 0.6278637189855055 0.48492624279392743 0.626619412891794 0.46557887830093564 0.6275526424620776 0.44864993436956785 0.6312855607432123 0.44381309324631996 0.6331520198837797 0.4534867754928158 0.6365738616414863 0.4522775652120037 0.6415510860163325 0.4474407240887558 0.6449392978796148 0.455480338388208 0.6462172338677508 0.4728341399858075 0.6462172338677508 0.4873446633555513 0.6421732390631882 0.49339071475961127 0.63750709121177 0.49822755588285916 0.6331520198837797 0.5006459764444832
3 0.654577940842082 0.48399244337276864 0.6552153491955302 0.4699520262060425 0.6552153491955302 0.4600411435001181 0.6552153491955302 0.448478447009873 0.65903979931622 0.4426970987647505 0.660952024376565 0.448478447009873 0.6620143716323121 0.45673751593147666 0.6632891883392088 0.4658224917452406 0.6632891883392088 0.47490746755900465 0.6628642494369099 0.48316653648060814 0.6607395549254156 0.48647016404924964 0.6573400437070247 0.48977379161789103
3 0.6075756256629318 0.5055580412746834 0.6055189213758053 0.4915671785214867 0.6037193051245696 0.4795750104473184 0.6039763931604605 0.4625861056755797 0.6075756256629318 0.4555906742989814 0.6109177701295124 0.4595880636570375 0.6132315624525297 0.47158023173120595 0.6137457385243114 0.4905678311819727 0.6137457385243114 0.5015606519166271 0.6106606820936216 0.5065573886141972
3 0.8441111173773831 0.41262445351792465 0.843084564850071 0.3913423525756338 0.8447954857289246 0.3700602516333429 0.8489016958381725 0.3634095950888769 0.8516391692443379 0.3727205142511292 0.853692274298962 0.3913423525756338 0.8547188268262741 0.4019834030467792 0.8530079059474207 0.4099641909001383 0.8499282483654845 0.41262445351792465