3 0.3633675660424674 0.8388267709170688 0.36226538396862656 0.8175308843374066 0.3655719301901491 0.8077020136083316 0.36998065848551254 0.7978731428792565 0.3721850226331942 0.7864061270286692 0.374389386780876 0.7749391111780818 0.3799002971500802 0.7667483855705193 0.3843090254454438 0.7634720953274943 0.3892688447777275 0.7683865306920318 0.3953308461838523 0.7716628209350567 0.39973957447921565 0.7782154014211067 0.40304612070073825 0.7782154014211067 0.4091081221068629 0.7782154014211067 0.415721214549908 0.7864061270286692 0.41792557869758984 0.8011494331222816 0.41847666973451014 0.812616448972869 0.41792557869758984 0.8306360453095064 0.4162723055868285 0.8437412062816062 0.4091081221068629 0.8519319318891686 0.4019439386268973 0.8519319318891686 0.39588193722077264 0.8519319318891686 0.3920242999623296 0.8519319318891686 0.3854112075192845 0.8519319318891686 0.3765937509285577 0.8502937867676563 0.3716339315962739 0.8470174965246313
3 0.4195788518083511 0.8535700770106813 0.42068103388219197 0.8339123355525314 0.42178321595603274 0.8224453197019439 0.42288539802987374 0.8027875782437941 0.4239875801037144 0.7880442721501817 0.42674303528831664 0.7749391111780818 0.43170285462060043 0.7683865306920318 0.4372137649898048 0.7700246758135443 0.4438268574328499 0.7700246758135443 0.4515421319497359 0.7798535465426191 0.4581552243927811 0.7945968526362316 0.4598084975035423 0.8109783038513565 0.4625639526881443 0.8273597550664814 0.4642172257989057 0.8404649160385813 0.46531940787274656 0.8519319318891686 0.46146177061430366 0.8699515282258061 0.4498888588389745 0.8699515282258061 0.44052031121132734 0.8699515282258061 0.42729412632523706 0.8683133831042934
3 0.48405650312804105 0.8715896733473185 0.4857097762388024 0.8502937867676563 0.4906695955710862 0.8289979001879939 0.4956294149033701 0.8240834648234564 0.5027935983833356 0.8240834648234564 0.5061001446048582 0.8339123355525314 0.5088555997894604 0.8404649160385813 0.5127132370479034 0.8552082221321936 0.5138154191217442 0.8699515282258061 0.5138154191217442 0.8814185440763934 0.5011403252725743 0.8912474148054684 0.49287395971876785 0.8896092696839559
3 0.5259394219339937 0.8879711245624435 0.5303481502293571 0.876504108711856 0.5331036054139592 0.8633989477397561 0.5364101516354818 0.8601226574967312 0.5402677888939247 0.8601226574967312 0.545778699263129 0.8601226574967312 0.5501874275584925 0.8683133831042934 0.5518407006692537 0.8797803989548811 0.5518407006692537 0.8928855599269809 0.5501874275584925 0.9059907208990807 0.5424721530416065 0.9059907208990807 0.5336546964508796 0.9059907208990807 0.5303481502293571 0.9010762855345433
3 0.5915192553275246 0.9010762855345434 0.5904170732536836 0.8912474148054685 0.5920703463644449 0.8814185440763935 0.595927983622888 0.8765041087118561 0.6003367119182514 0.886332979440931 0.6003367119182514 0.8994381404130309 0.6003367119182514 0.9109051562636185 0.5964752969465077 0.918078377032861 0.593053455188801 0.9170612177966487
3 0.71762785250945 0.8797946850963291 0.7129617046580318 0.8834934459552833 0.7082955568066134 0.8807193753110677 0.709539862900325 0.8631502612310348 0.7114063220408923 0.853903359083649 0.7145170872751712 0.853903359083649 0.7166946229391664 0.8566774297278648 0.71762785250945 0.866849022089989
3 0.927383285156032 0.6783056248394596 0.9295837916664553 0.6477804286451958 0.9354518090275838 0.6281570882345977 0.943520332899136 0.615074861294199 0.9493883502602647 0.6041730055105334 0.9559898697915347 0.5998122631970672 0.9596573806422399 0.6019926343538002 0.9611243849825222 0.6194356036076653 0.9581903763019578 0.6412393151749964 0.951588856770688 0.6565019132721283 0.943520332899136 0.6717645113692601 0.9391193198782896 0.6804859959961926
3 0.6522712827656568 0.899729096141137 0.6522712827656568 0.8821291898769533 0.6550039655933617 0.8672369614995671 0.6550039655933617 0.8536985720655795 0.6568257541451645 0.8360986658013958 0.6600138841108198 0.829329471084402 0.6622911198005739 0.8360986658013958 0.6641129083523768 0.8482832162919846 0.66593469690418 0.8604677667825733 0.667756485455983 0.8726523172731622 0.6686673797318845 0.8848368677637508 0.66593469690418 0.9010829350845359 0.6604693312487707 0.9064982908581308
3 0.2538372647864822 0.7509756843542833 0.2542513076391647 0.736206532244479 0.25839173616598987 0.7251296681621252 0.26170407898745 0.71897585478304 0.2666725932196402 0.7115912787281377 0.2695708931884178 0.71897585478304 0.2724691931571954 0.7300527188653936 0.2724691931571954 0.7485141590026491 0.2708130217464653 0.7645140737882707 0.2658445075142752 0.770667887167356 0.25921982187135495 0.770667887167356 0.2567355647552598 0.7620525484366367
3 0.046911055208928985 0.5577627487501535 0.04918829089868281 0.5482858761463624 0.058752680795648916 0.5482858761463624 0.06285170503720582 0.5482858761463624 0.06786162355466425 0.5482858761463624 0.07514877776187652 0.5482858761463624 0.07879235486548267 0.555055070863356 0.0833468262449903 0.5685934602973436 0.08699040334859647 0.5794241718445335 0.08516861479679337 0.5956702391653186 0.07605967203777805 0.5970240781087173 0.06558438786491042 0.5807780107879323 0.05784178651974739 0.5740088160709385 0.052376420864338184 0.5685934602973436
3 0.09867974343837624 0.5960352697365694 0.09970629596568827 0.5817950404295954 0.10210158519608298 0.5777264034847456 0.1058656111295604 0.5787435627209581 0.10654997948110174 0.5909494735555073 0.10723434783264309 0.602138225153844 0.10723434783264309 0.6123098175159685 0.10278595354762432 0.6143441359883933 0.09970629596568827 0.6102754990435436