3 0.7968772747031373 0.8901671394688359 0.7972199103092188 0.8686095363952834 0.7975625459153006 0.8603971161767872 0.7992757239457092 0.849105038376355 0.8006462663700362 0.8429457232124828 0.8064710716734254 0.8511581434309791 0.8081842497038338 0.8624502212314112 0.8095547921281606 0.8768219566137796 0.8105826989464059 0.8829812717776516 0.8088695209159973 0.8952999021053959 0.804415258036935 0.8952999021053959 0.8013315375821998 0.894273349578084
3 0.8201764959166941 0.8788750616684036 0.8205191315227757 0.8624502212314114 0.8208617671288576 0.8480784858490431 0.8236028519775113 0.8419191706851709 0.8280571148565735 0.8378129605759228 0.8325113777356358 0.8460253807944188 0.8352524625842895 0.8583440111221631 0.835937733796453 0.8675829838679714 0.835937733796453 0.8850343768322757 0.8314834709173907 0.8870874818868998 0.8277144792504917 0.8901671394688359 0.8246307587957563 0.8901671394688359
3 0.853069514100539 0.8665564313406594 0.8547826921309475 0.8532112484856031 0.8582090481917646 0.8480784858490431 0.8606074974343366 0.8429457232124828 0.8626633110708269 0.8367864080486107 0.8664323027377259 0.8285739878301146 0.8708865656167881 0.8254943302481784 0.8753408284958505 0.8265208827754905 0.8797950913749129 0.8326801979393627 0.8828788118296481 0.8378129605759228 0.8849346254661387 0.8429457232124828 0.8849346254661387 0.850131590903667 0.8842493542539753 0.8562909060675391 0.8797950913749129 0.8634767737587233 0.873627650465442 0.8686095363952835 0.8681454807681344 0.8727157465045317 0.8599222262221731 0.8757954040864676 0.8568385057674378 0.8757954040864676
3 0.5473351270360101 0.8421807676360251 0.5488427237027697 0.8150797809149879 0.5514810178695989 0.8049169108945988 0.557888303703327 0.7992708719943826 0.5627879928702956 0.8015292875544691 0.5673107828705742 0.8150797809149879 0.5691952787040236 0.8354055209557658 0.5688183795373337 0.8489560143162845 0.5612803962035359 0.8512144298763709 0.5526874634227086 0.8524232259228387
3 0.9157368794426418 0.8367577472723674 0.917998274442781 0.814173591671503 0.9255362577765787 0.8017523060910275 0.9293052494434775 0.8017523060910275 0.9345818377771361 0.8017523060910275 0.9402353252774843 0.7983646827508979 0.9481502077779722 0.7983646827508979 0.9522960986115606 0.8119151761114165 0.9530498969449407 0.8209488383517624 0.9402353252774843 0.8333701239322377 0.9293052494434775 0.8378869550524108 0.9232748627764393 0.8424037861725836
3 0.6709325240741946 0.8780623537680854 0.671617795286358 0.8636906183857173 0.6733309733167665 0.8534250931125968 0.677785236195829 0.846239225421413 0.6815542278627277 0.850345435530661 0.6832674058931364 0.8616375133310931 0.6842953127113816 0.8780623537680854 0.6829247702870547 0.8821685638773336 0.6774426005897474 0.8842216689319576
3 0.6089154793734038 0.8565047506945329 0.609943386191649 0.8411064627848528 0.6137123778585478 0.8287878324571085 0.617138733919365 0.8257081748751725 0.621935632404509 0.8287878324571085 0.6226209036166724 0.8421330153121649 0.6226209036166724 0.854451645639909 0.6212503611923457 0.8606109608037812 0.6164534627072016 0.8606109608037812 0.6123418354342209 0.8616375133310931
3 0.23672234029383776 0.607867590156997 0.2336074711476403 0.6004017535947276 0.2354763926353588 0.593869146602742 0.23859126178155618 0.5845368508999055 0.24046018326927465 0.5770710143376362 0.24357505241547206 0.5705384073456506 0.24762438230552872 0.569605177775367 0.24980479070786696 0.5752045551970689 0.25136222528096563 0.5901362283216074 0.2519851991102051 0.5985352944541603 0.2526081729394446 0.6097340492975641 0.2516737121955854 0.6190663450004007 0.24793586922014843 0.6199995745706842 0.24326356550085232 0.6181331154301171 0.2410831570985141 0.6144001971489825
3 0.3828701643764933 0.7450158377318229 0.38321279998257496 0.7347503124587027 0.38252752877041163 0.7234582346582704 0.38252752877041163 0.7121661568578382 0.385611249225147 0.69779442147547 0.3883523340738007 0.6947147638935338 0.3904081477102911 0.7029271841120299 0.3917786901346179 0.7172989194943983 0.39314923255894474 0.7337237599313906 0.39143605452853625 0.746042390259135 0.3883523340738007 0.7480954953137587
3 0.32188102649394773 0.6957413164208458 0.32085311967570257 0.6813695810384776 0.3235942045243563 0.6700775032380453 0.3266779249790917 0.6618650830195493 0.33044691664599063 0.6618650830195493 0.3328453658885626 0.6752102658746054 0.33353063710072606 0.6854757911477256 0.3328453658885626 0.6957413164208459 0.32770583179733687 0.6988209740027819 0.32462211134260144 0.69779442147547
3 0.2732267704303439 0.6382543748913727 0.2749399484607524 0.6125905617085721 0.27836630452156963 0.603351588962764 0.28145002497630506 0.6002719313808279 0.28487638103712226 0.6012984839081399 0.28796010149185775 0.6125905617085721 0.28898800831010285 0.6320950597275006 0.28864537270402113 0.6454402425825569 0.28145002497630506 0.6464667951098688 0.276653126491161 0.6403074799459967