3 0.37393270869334755 0.8858022011061373 0.37019324635311757 0.8869600901804404 0.36808979878673825 0.886381145643289 0.36738864959794504 0.8846443120318341 0.3690246643717956 0.8765390885117111 0.37346527590081874 0.8684338649915883 0.37650358905225567 0.8638023086943755 0.38094420058127887 0.859749696934314 0.38164534977007203 0.8556970851742527 0.38281393175139383 0.84759186165413 0.3842162301289802 0.8412234717454621 0.3853405917182201 0.8402780105578839 0.3863196776953595 0.8418024162826137 0.3874454611948968 0.8493286952655846 0.38795569246921013 0.8585918078600108 0.38842312526173894 0.8655391423058303 0.3898254236393252 0.8701706986030433 0.3907602892243827 0.8759601439745595 0.3907602892243827 0.8794338111974693 0.3865533940916239 0.8817495893460757 0.38047676778875006 0.8840653674946825 0.3774384546373132 0.8858022011061373
3 0.43537851215027645 0.8798022074140031 0.43258957094390166 0.8820994251555639 0.42770489826197616 0.8846467811190312 0.423848577723614 0.8846467811190312 0.42127769736470577 0.8789152302012301 0.42127769736470577 0.8750941962560294 0.4233344016518323 0.8687258063473614 0.4248769298671773 0.8636310944204272 0.4271907221901945 0.8578995435026261 0.4310470427285567 0.8578995435026261 0.43258957094390166 0.8629942554295603 0.4356746273745914 0.8674521283656279 0.43593171541048226 0.8750941962560294
3 0.4775415382744783 0.8741707826625205 0.4727509598136889 0.8733231499656766 0.47069785475906484 0.8699326191783017 0.47069785475906484 0.863999190300396 0.4720665914621475 0.860608659513021 0.47583061739562493 0.8572181287256464 0.47788372245024907 0.850437067150897 0.4816477483837265 0.8461989036666782 0.4843852217898919 0.8461989036666782 0.48643832684451577 0.8495894344540531 0.4898601686022226 0.8538275979382717 0.4922554578326173 0.8572181287256464 0.4922554578326173 0.8648468229972397 0.49054453695376393 0.8707802518751456 0.4881492477233692 0.872475517268833 0.4843852217898919 0.872475517268833 0.4816477483837265 0.8741707826625205
3 0.5492598974266828 0.8819126300377806 0.5442826730518368 0.8819126300377806 0.5414829843409857 0.8803714796798832 0.5414829843409857 0.871895152711446 0.543660520004981 0.8603365250272138 0.5473934382861155 0.8564836491324698 0.5498820504735387 0.8518601980587771 0.5533038922312453 0.8487778973429818 0.5567257339889521 0.8503190477008794 0.5610808053169426 0.8611071002061627 0.5660580296917888 0.8665011264588045 0.5741460193009138 0.8665011264588045 0.5772567845351926 0.8626482505640607 0.581611855863183 0.8595659498482652 0.5850336976208896 0.8595659498482652 0.5903219985191637 0.8657305512798555 0.5909441515660194 0.8788303293219856 0.5903219985191637 0.8834537803956785 0.5847226210974619 0.88884780664832 0.5753903253946253 0.88884780664832 0.567924488832356 0.88884780664832 0.5623251114106541 0.8873066562904225 0.5557925044186685 0.884994930753576
3 0.6417897540493105 0.8901590828458656 0.6335886457043935 0.8901590828458656 0.6316090678280343 0.8831538539463307 0.6333058488649137 0.8747475792668892 0.6372650046176321 0.8677423503673546 0.64263814456775 0.8649402588075408 0.646031706641509 0.8628386901376801 0.651122049752147 0.8663413045874476 0.6550812055048657 0.8712449648171219 0.6550812055048657 0.8775496708267032 0.6531016276285064 0.8817528081664239 0.6499908623942274 0.8831538539463307 0.6471628939994285 0.8852554226161912
3 0.7217673161249898 0.8826859466872153 0.7158285824959123 0.8861885611369824 0.7107382393852739 0.8861885611369824 0.7042339120772363 0.8861885611369824 0.7011231468429575 0.8805843780173549 0.7011231468429575 0.8623707828785646 0.7036683183982766 0.8567665997589369 0.7067790836325554 0.8567665997589369 0.7107382393852739 0.8616702599886114 0.7214845192855102 0.8672744431082391 0.7228985034829094 0.8700765346680529 0.7228985034829094 0.874980194897727
3 0.7347759707410652 0.8833864695771686 0.7305340181488666 0.8805843780173549 0.729968424469907 0.8735791491178202 0.732230799185746 0.8679749659981926 0.735058767580545 0.8630713057685182 0.7361899549384645 0.8609697370986578 0.7390179233332637 0.8609697370986578 0.7429770790859821 0.8595686913187509 0.7460878443202609 0.8595686913187509 0.7508953905914191 0.8616702599886114 0.754288952665178 0.8672744431082391 0.756268530541537 0.8777822864575409 0.7508953905914191 0.8812849009073084 0.7475018285176601 0.8833864695771686 0.7409975012096228 0.8833864695771686
3 0.3559684521726975 0.8886004431826722 0.3538650046063181 0.89496883309134 0.35059297505861686 0.8978635557770983 0.3480220946997087 0.8978635557770983 0.3454512143408006 0.8990214448514012 0.3440489159632143 0.896705666702795 0.3447500651520074 0.8886004431826722 0.34615236352959367 0.8839688868854592 0.3482558110959731 0.8776004969767913 0.35059297505861686 0.8764426079024881 0.35269642262499623 0.8776004969767913 0.35433243739884684 0.8793373305882461
3 0.8242532043148647 0.8615782162091945 0.8248187979938241 0.8545729873096596 0.8262327821912239 0.8433646210704043 0.828212360067583 0.8412630524005439 0.8304747347834223 0.8419635752904974 0.8318887189808216 0.8496693270799855 0.8327371094992612 0.8552735101996134 0.8321715158203015 0.865080830658962 0.8293435474255028 0.8657813535489154 0.8262556879904259 0.8671464095190985
3 0.3233866705529135 0.9197964717230493 0.31722735538904134 0.9214917371167368 0.3120945927524812 0.9206441044198933 0.30969930352208647 0.9147106755419874 0.3120945927524812 0.9003009196956444 0.31756953956481193 0.8926722254240511 0.32236011802560144 0.8926722254240511 0.32988816989255626 0.8918245927272075 0.33262564329872163 0.8986056543019569 0.3346787483533456 0.9036914504830194 0.3333100116502629 0.9130154101483 0.32920380154101486 0.9147106755419874
3 0.5174943206925164 0.8811321197010387 0.5133809121182635 0.8817689586919054 0.5092675035440104 0.8824057976827723 0.5072107992568838 0.883042636673639 0.5043828308620849 0.883042636673639 0.5023261265749583 0.8811321197010387 0.5020690385390676 0.8734900518106372 0.5043828308620849 0.8658479839202358 0.5082391514004472 0.8639374669476354 0.5120954719388093 0.8556585600663672 0.5149234403336083 0.8543848820846336 0.518008496764298 0.8537480430937668 0.5210935531949878 0.8582059160298343 0.5213506412308787 0.865211144929369 0.5216077292667696 0.8728532128197705 0.5203222890873154 0.8773110857558379
3 0.7649581915446455 0.88296207920498 0.764444015472864 0.8676779434241771 0.7662436317240997 0.8606727145246426 0.768557424047117 0.8574885195703088 0.7731850086931515 0.8574885195703088 0.7775555053032954 0.8600358755337757 0.7806405617339852 0.8708621383785113 0.7808976497698761 0.8778673672780458 0.7796122095904221 0.8816884012232465 0.7749846249443874 0.8880567911319146 0.7708712163701343 0.8880567911319146
3 0.7837256181646751 0.8816884012232465 0.7814118258416578 0.868951621405911 0.7814118258416578 0.8574885195703088 0.7829543540570026 0.8511201296616407 0.7860394104876922 0.8447517397529728 0.7896386429901638 0.8441149007621063 0.7932378754926352 0.8434780617712393 0.7955516678156527 0.8466622567255732 0.7986367242463422 0.8574885195703088 0.7994079883540146 0.8644937484698433 0.7994079883540146 0.8714989773693779 0.797608372102779 0.8816884012232465 0.793494963528526 0.8823252402141135 0.789381554954273 0.8842357571867139 0.7873248506671465 0.8842357571867139